                                                             QUERY PLAN                                                              
-------------------------------------------------------------------------------------------------------------------------------------
 Sort  (cost=583401.64..583402.14 rows=200 width=12) (actual time=5676.528..5676.712 rows=4991 loops=1)
   Sort Key: precio
   Sort Method: quicksort  Memory: 387kB
   Buffers: shared hit=68 read=208327
   ->  HashAggregate  (cost=583392.00..583394.00 rows=200 width=12) (actual time=5675.052..5675.560 rows=4991 loops=1)
         Group Key: precio
         Batches: 1  Memory Usage: 737kB
         Buffers: shared hit=65 read=208327
         ->  Seq Scan on productos  (cost=0.00..458392.00 rows=25000000 width=8) (actual time=0.045..2079.131 rows=25000001 loops=1)
               Buffers: shared hit=65 read=208327
 Planning:
   Buffers: shared hit=105
 Planning Time: 3.443 ms
 Execution Time: 5677.213 ms
(14 filas)

 precio | count 
--------+-------
     10 |  5019
     11 |  5042
     12 |  5049
     13 |  4974
     14 |  5056
     15 |  5037
     16 |  4993
     17 |  4997
     18 |  5092
     19 |  5083
     20 |  4870
     21 |  5077
     22 |  5023
     23 |  4916
     24 |  5010
     25 |  5007
     26 |  4992
     27 |  5049
     28 |  5000
     29 |  5092
     30 |  4996
     31 |  4996
     32 |  5046
     33 |  5009
     34 |  5129
     35 |  5136
     36 |  4957
     37 |  4954
     38 |  5009
     39 |  5029
     40 |  5034
     41 |  5015
     42 |  4935
     43 |  4928
     44 |  4930
     45 |  5021
     46 |  4982
     47 |  5052
     48 |  5218
     49 |  4977
     50 |  4941
     51 |  4870
     52 |  5134
     53 |  5038
     54 |  4965
     55 |  5023
     56 |  5071
     57 |  4959
     58 |  4909
     59 |  5121
     60 |  5005
     61 |  5078
     62 |  4859
     63 |  4897
     64 |  4924
     65 |  5017
     66 |  5093
     67 |  4844
     68 |  5102
     69 |  4985
     70 |  4990
     71 |  5026
     72 |  5106
     73 |  5022
     74 |  4980
     75 |  4934
     76 |  4978
     77 |  4980
     78 |  4968
     79 |  5033
     80 |  4968
     81 |  4864
     82 |  5049
     83 |  5023
     84 |  5031
     85 |  5050
     86 |  5090
     87 |  5052
     88 |  5122
     89 |  5157
     90 |  4976
     91 |  5087
     92 |  4980
     93 |  4993
     94 |  4875
     95 |  5020
     96 |  4932
     97 |  5068
     98 |  5107
     99 |  4910
    100 |  5004
    101 |  4978
    102 |  5043
    103 |  5038
    104 |  4971
    105 |  5053
    106 |  4978
    107 |  4968
    108 |  5044
    109 |  5106
    110 |  5103
    111 |  5029
    112 |  4961
    113 |  5038
    114 |  5008
    115 |  5118
    116 |  4996
    117 |  5029
    118 |  4901
    119 |  5027
    120 |  4960
    121 |  5096
    122 |  5063
    123 |  5026
    124 |  5082
    125 |  5058
    126 |  5041
    127 |  5107
    128 |  5115
    129 |  4961
    130 |  5043
    131 |  5044
    132 |  5065
    133 |  4958
    134 |  5024
    135 |  4939
    136 |  4981
    137 |  5039
    138 |  4983
    139 |  4958
    140 |  4936
    141 |  4938
    142 |  5057
    143 |  4993
    144 |  4917
    145 |  5021
    146 |  5131
    147 |  5157
    148 |  5077
    149 |  5120
    150 |  5072
    151 |  5084
    152 |  5073
    153 |  5050
    154 |  4949
    155 |  5098
    156 |  5102
    157 |  5050
    158 |  5057
    159 |  4979
    160 |  5050
    161 |  5011
    162 |  4957
    163 |  5005
    164 |  5077
    165 |  5110
    166 |  4925
    167 |  5087
    168 |  4944
    169 |  5016
    170 |  5026
    171 |  5032
    172 |  5044
    173 |  5088
    174 |  4983
    175 |  4986
    176 |  5216
    177 |  5118
    178 |  4927
    179 |  5068
    180 |  4982
    181 |  5061
    182 |  5053
    183 |  5027
    184 |  5055
    185 |  5041
    186 |  4911
    187 |  4952
    188 |  5001
    189 |  4996
    190 |  4956
    191 |  4893
    192 |  5070
    193 |  5057
    194 |  5054
    195 |  5031
    196 |  5052
    197 |  5020
    198 |  5073
    199 |  5004
    200 |  5026
    201 |  4980
    202 |  4979
    203 |  5029
    204 |  4875
    205 |  5083
    206 |  5027
    207 |  4930
    208 |  4964
    209 |  4959
    210 |  5044
    211 |  4951
    212 |  5070
    213 |  4992
    214 |  4970
    215 |  4969
    216 |  5018
    217 |  4991
    218 |  4966
    219 |  5045
    220 |  5091
    221 |  5029
    222 |  4941
    223 |  5012
    224 |  4985
    225 |  5171
    226 |  4991
    227 |  5071
    228 |  4855
    229 |  5192
    230 |  5103
    231 |  4989
    232 |  4962
    233 |  4955
    234 |  4959
    235 |  5036
    236 |  4966
    237 |  4965
    238 |  4951
    239 |  5009
    240 |  5029
    241 |  5092
    242 |  4881
    243 |  4987
    244 |  4904
    245 |  4958
    246 |  5041
    247 |  5033
    248 |  4982
    249 |  4929
    250 |  4974
    251 |  4971
    252 |  5020
    253 |  5030
    254 |  5133
    255 |  5029
    256 |  5052
    257 |  5060
    258 |  5033
    259 |  4943
    260 |  4962
    261 |  4921
    262 |  4942
    263 |  4961
    264 |  5068
    265 |  4932
    266 |  4930
    267 |  5003
    268 |  5012
    269 |  5059
    270 |  5190
    271 |  5022
    272 |  5023
    273 |  5107
    274 |  5037
    275 |  5036
    276 |  5043
    277 |  4927
    278 |  4944
    279 |  5051
    280 |  5125
    281 |  5083
    282 |  4861
    283 |  4980
    284 |  4992
    285 |  4997
    286 |  5118
    287 |  4972
    288 |  4994
    289 |  4984
    290 |  5120
    291 |  4958
    292 |  5039
    293 |  4974
    294 |  5075
    295 |  4978
    296 |  5056
    297 |  5052
    298 |  4919
    299 |  4931
    300 |  4971
    301 |  4987
    302 |  4935
    303 |  5082
    304 |  5002
    305 |  5005
    306 |  5096
    307 |  4972
    308 |  5134
    309 |  4938
    310 |  5039
    311 |  4911
    312 |  4893
    313 |  4895
    314 |  5077
    315 |  4897
    316 |  4927
    317 |  5042
    318 |  4994
    319 |  5042
    320 |  5094
    321 |  4987
    322 |  5014
    323 |  4987
    324 |  5022
    325 |  4914
    326 |  5101
    327 |  5027
    328 |  5054
    329 |  5088
    330 |  5007
    331 |  5091
    332 |  5098
    333 |  4985
    334 |  5014
    335 |  5027
    336 |  5088
    337 |  5026
    338 |  4895
    339 |  5023
    340 |  4984
    341 |  4967
    342 |  5008
    343 |  4979
    344 |  5004
    345 |  4995
    346 |  4883
    347 |  4959
    348 |  5008
    349 |  5098
    350 |  5019
    351 |  4956
    352 |  4987
    353 |  4965
    354 |  4835
    355 |  4904
    356 |  4994
    357 |  4902
    358 |  5032
    359 |  5082
    360 |  4998
    361 |  5022
    362 |  5078
    363 |  4977
    364 |  5086
    365 |  4985
    366 |  5172
    367 |  4938
    368 |  4896
    369 |  5015
    370 |  5054
    371 |  5112
    372 |  4944
    373 |  5055
    374 |  4977
    375 |  5042
    376 |  5002
    377 |  4877
    378 |  5005
    379 |  4982
    380 |  5068
    381 |  4993
    382 |  4939
    383 |  5088
    384 |  4909
    385 |  4991
    386 |  5107
    387 |  5155
    388 |  5097
    389 |  4940
    390 |  4936
    391 |  5064
    392 |  4984
    393 |  5110
    394 |  4914
    395 |  4991
    396 |  4893
    397 |  4933
    398 |  4897
    399 |  5038
    400 |  4999
    401 |  5153
    402 |  4967
    403 |  4963
    404 |  5013
    405 |  4909
    406 |  5111
    407 |  4920
    408 |  4985
    409 |  4994
    410 |  5013
    411 |  4995
    412 |  4995
    413 |  5018
    414 |  4995
    415 |  4955
    416 |  4974
    417 |  5016
    418 |  4962
    419 |  4972
    420 |  4954
    421 |  4915
    422 |  4832
    423 |  4875
    424 |  5051
    425 |  5113
    426 |  4991
    427 |  5034
    428 |  4952
    429 |  5153
    430 |  4800
    431 |  5045
    432 |  4981
    433 |  5085
    434 |  5076
    435 |  5018
    436 |  5061
    437 |  5032
    438 |  5044
    439 |  4978
    440 |  5078
    441 |  4975
    442 |  4899
    443 |  5075
    444 |  4953
    445 |  4992
    446 |  5038
    447 |  4982
    448 |  5014
    449 |  5035
    450 |  5052
    451 |  5045
    452 |  5041
    453 |  4960
    454 |  5008
    455 |  5049
    456 |  5064
    457 |  5079
    458 |  4910
    459 |  4931
    460 |  5010
    461 |  5009
    462 |  5052
    463 |  4913
    464 |  5010
    465 |  5107
    466 |  5059
    467 |  5070
    468 |  5016
    469 |  5007
    470 |  5059
    471 |  5021
    472 |  4988
    473 |  4932
    474 |  5026
    475 |  5100
    476 |  5034
    477 |  4946
    478 |  4876
    479 |  4960
    480 |  5150
    481 |  4977
    482 |  5128
    483 |  5012
    484 |  5065
    485 |  5037
    486 |  4953
    487 |  4948
    488 |  5058
    489 |  4947
    490 |  5050
    491 |  5031
    492 |  4914
    493 |  5067
    494 |  5038
    495 |  5124
    496 |  4851
    497 |  5107
    498 |  5052
    499 |  4929
    500 |  4957
    501 |  4933
    502 |  4968
    503 |  4921
    504 |  5150
    505 |  4999
    506 |  4891
    507 |  5007
    508 |  5013
    509 |  5118
    510 |  5052
    511 |  4989
    512 |  5069
    513 |  5087
    514 |  5189
    515 |  4959
    516 |  4969
    517 |  4943
    518 |  4995
    519 |  4978
    520 |  5084
    521 |  5003
    522 |  5055
    523 |  5009
    524 |  4973
    525 |  4972
    526 |  4868
    527 |  4919
    528 |  4990
    529 |  4968
    530 |  5149
    531 |  5053
    532 |  5095
    533 |  5069
    534 |  5047
    535 |  4967
    536 |  4913
    537 |  4974
    538 |  5025
    539 |  5090
    540 |  5048
    541 |  4986
    542 |  5103
    543 |  5079
    544 |  4957
    545 |  5008
    546 |  5002
    547 |  5014
    548 |  4921
    549 |  5049
    550 |  4968
    551 |  5062
    552 |  5011
    553 |  5078
    554 |  4904
    555 |  5136
    556 |  4960
    557 |  5008
    558 |  5039
    559 |  4866
    560 |  4994
    561 |  5073
    562 |  4936
    563 |  4968
    564 |  4972
    565 |  5047
    566 |  5072
    567 |  5089
    568 |  5003
    569 |  5146
    570 |  5038
    571 |  5010
    572 |  4951
    573 |  5071
    574 |  4934
    575 |  4965
    576 |  5057
    577 |  4984
    578 |  5045
    579 |  5020
    580 |  5030
    581 |  5013
    582 |  5128
    583 |  4919
    584 |  4974
    585 |  5041
    586 |  5105
    587 |  5021
    588 |  4953
    589 |  5012
    590 |  4984
    591 |  5063
    592 |  5003
    593 |  5213
    594 |  5105
    595 |  5031
    596 |  5148
    597 |  5065
    598 |  4795
    599 |  4973
    600 |  5086
    601 |  5081
    602 |  5029
    603 |  5031
    604 |  4964
    605 |  5155
    606 |  5035
    607 |  5045
    608 |  5016
    609 |  5140
    610 |  5015
    611 |  5031
    612 |  4986
    613 |  5016
    614 |  4984
    615 |  4951
    616 |  5043
    617 |  5057
    618 |  5001
    619 |  4967
    620 |  4966
    621 |  4939
    622 |  5028
    623 |  5082
    624 |  4996
    625 |  5026
    626 |  5034
    627 |  5007
    628 |  5009
    629 |  5082
    630 |  5014
    631 |  4962
    632 |  4964
    633 |  4889
    634 |  5013
    635 |  5013
    636 |  5001
    637 |  5159
    638 |  5006
    639 |  4987
    640 |  4970
    641 |  5052
    642 |  4973
    643 |  4976
    644 |  5130
    645 |  4995
    646 |  4958
    647 |  4952
    648 |  5069
    649 |  4923
    650 |  4960
    651 |  4975
    652 |  4891
    653 |  5073
    654 |  5085
    655 |  5048
    656 |  5042
    657 |  5027
    658 |  4953
    659 |  5185
    660 |  4995
    661 |  4975
    662 |  5061
    663 |  5041
    664 |  5029
    665 |  4946
    666 |  4953
    667 |  4851
    668 |  4963
    669 |  5025
    670 |  5028
    671 |  5077
    672 |  4927
    673 |  4962
    674 |  5063
    675 |  5010
    676 |  5118
    677 |  5001
    678 |  5003
    679 |  5012
    680 |  5055
    681 |  4985
    682 |  5096
    683 |  5082
    684 |  4972
    685 |  4941
    686 |  4934
    687 |  5009
    688 |  4961
    689 |  5068
    690 |  5000
    691 |  4989
    692 |  4989
    693 |  5110
    694 |  4960
    695 |  5034
    696 |  5001
    697 |  5064
    698 |  5036
    699 |  5039
    700 |  4901
    701 |  4941
    702 |  5078
    703 |  4966
    704 |  4905
    705 |  5024
    706 |  4948
    707 |  5056
    708 |  4981
    709 |  4988
    710 |  4987
    711 |  4891
    712 |  5085
    713 |  5061
    714 |  4956
    715 |  4994
    716 |  4901
    717 |  5151
    718 |  5025
    719 |  5072
    720 |  4916
    721 |  5055
    722 |  4980
    723 |  5000
    724 |  4980
    725 |  5131
    726 |  4960
    727 |  5016
    728 |  5022
    729 |  5045
    730 |  5018
    731 |  5048
    732 |  5174
    733 |  5074
    734 |  5093
    735 |  4974
    736 |  4924
    737 |  5078
    738 |  4874
    739 |  4982
    740 |  5053
    741 |  5131
    742 |  4974
    743 |  4923
    744 |  4991
    745 |  4994
    746 |  5034
    747 |  5134
    748 |  4933
    749 |  5009
    750 |  4980
    751 |  4904
    752 |  5021
    753 |  4993
    754 |  4976
    755 |  4859
    756 |  5039
    757 |  4987
    758 |  4968
    759 |  4996
    760 |  5093
    761 |  5018
    762 |  4930
    763 |  5020
    764 |  4979
    765 |  4934
    766 |  4871
    767 |  5090
    768 |  5035
    769 |  5167
    770 |  4969
    771 |  4980
    772 |  4969
    773 |  5008
    774 |  5152
    775 |  4969
    776 |  4960
    777 |  5007
    778 |  5077
    779 |  5043
    780 |  5021
    781 |  5134
    782 |  5106
    783 |  5032
    784 |  4909
    785 |  5071
    786 |  5155
    787 |  4996
    788 |  4901
    789 |  5042
    790 |  5021
    791 |  4893
    792 |  4978
    793 |  4975
    794 |  4858
    795 |  5020
    796 |  4937
    797 |  5057
    798 |  4955
    799 |  5059
    800 |  4990
    801 |  5023
    802 |  4991
    803 |  5068
    804 |  5110
    805 |  4978
    806 |  5017
    807 |  5073
    808 |  5019
    809 |  5172
    810 |  5023
    811 |  4944
    812 |  5018
    813 |  4995
    814 |  4975
    815 |  5086
    816 |  5026
    817 |  4993
    818 |  4884
    819 |  4924
    820 |  5029
    821 |  5036
    822 |  4987
    823 |  4924
    824 |  4977
    825 |  4985
    826 |  5033
    827 |  4943
    828 |  4998
    829 |  5016
    830 |  4923
    831 |  5069
    832 |  5082
    833 |  5102
    834 |  5001
    835 |  4902
    836 |  5103
    837 |  4998
    838 |  5024
    839 |  4920
    840 |  5080
    841 |  4932
    842 |  5098
    843 |  4998
    844 |  5040
    845 |  5097
    846 |  5004
    847 |  4888
    848 |  5054
    849 |  5076
    850 |  5022
    851 |  5050
    852 |  5000
    853 |  4913
    854 |  4937
    855 |  4911
    856 |  4977
    857 |  5021
    858 |  4945
    859 |  5007
    860 |  5099
    861 |  5044
    862 |  5173
    863 |  5052
    864 |  5009
    865 |  5029
    866 |  5052
    867 |  5075
    868 |  5004
    869 |  4984
    870 |  5070
    871 |  4894
    872 |  4972
    873 |  5029
    874 |  4927
    875 |  5101
    876 |  5101
    877 |  4953
    878 |  5006
    879 |  5001
    880 |  5118
    881 |  4993
    882 |  4939
    883 |  5081
    884 |  5064
    885 |  5073
    886 |  5011
    887 |  4870
    888 |  4949
    889 |  5109
    890 |  5055
    891 |  5057
    892 |  4977
    893 |  5070
    894 |  4813
    895 |  4992
    896 |  5098
    897 |  5073
    898 |  5078
    899 |  4899
    900 |  5152
    901 |  5073
    902 |  4972
    903 |  4987
    904 |  4877
    905 |  5031
    906 |  5113
    907 |  5057
    908 |  4879
    909 |  5052
    910 |  5044
    911 |  5044
    912 |  5070
    913 |  5018
    914 |  5028
    915 |  5026
    916 |  5031
    917 |  4992
    918 |  5108
    919 |  5084
    920 |  5048
    921 |  5027
    922 |  5139
    923 |  5015
    924 |  5115
    925 |  5123
    926 |  5044
    927 |  4875
    928 |  5070
    929 |  5140
    930 |  4864
    931 |  5010
    932 |  5083
    933 |  5131
    934 |  5109
    935 |  4915
    936 |  5059
    937 |  5055
    938 |  4937
    939 |  5005
    940 |  5111
    941 |  4953
    942 |  4839
    943 |  4988
    944 |  4969
    945 |  5024
    946 |  5053
    947 |  4889
    948 |  4981
    949 |  5044
    950 |  5014
    951 |  5047
    952 |  5104
    953 |  5052
    954 |  5006
    955 |  4919
    956 |  5014
    957 |  4970
    958 |  4954
    959 |  5023
    960 |  5010
    961 |  4956
    962 |  5077
    963 |  5084
    964 |  5018
    965 |  5052
    966 |  4971
    967 |  4976
    968 |  5056
    969 |  5069
    970 |  4916
    971 |  4990
    972 |  4884
    973 |  5018
    974 |  5034
    975 |  4944
    976 |  5126
    977 |  4967
    978 |  4884
    979 |  5071
    980 |  5029
    981 |  5065
    982 |  4978
    983 |  4957
    984 |  4899
    985 |  4998
    986 |  5040
    987 |  4909
    988 |  5045
    989 |  5048
    990 |  5059
    991 |  5114
    992 |  5044
    993 |  5165
    994 |  5006
    995 |  4984
    996 |  5040
    997 |  5066
    998 |  4919
    999 |  5021
   1000 |  5035
   1001 |  4967
   1002 |  5083
   1003 |  4982
   1004 |  5096
   1005 |  5154
   1006 |  4854
   1007 |  5035
   1008 |  5167
   1009 |  5002
   1010 |  5003
   1011 |  4964
   1012 |  4879
   1013 |  5016
   1014 |  4917
   1015 |  4920
   1016 |  4982
   1017 |  4948
   1018 |  4861
   1019 |  4805
   1020 |  4962
   1021 |  5133
   1022 |  5006
   1023 |  5048
   1024 |  5083
   1025 |  4882
   1026 |  5035
   1027 |  5044
   1028 |  5007
   1029 |  5115
   1030 |  5095
   1031 |  5191
   1032 |  5058
   1033 |  4957
   1034 |  5106
   1035 |  4911
   1036 |  4970
   1037 |  5022
   1038 |  5062
   1039 |  4917
   1040 |  4980
   1041 |  5036
   1042 |  5009
   1043 |  4949
   1044 |  4963
   1045 |  4984
   1046 |  4950
   1047 |  5013
   1048 |  5008
   1049 |  5092
   1050 |  5023
   1051 |  5000
   1052 |  5010
   1053 |  5078
   1054 |  4918
   1055 |  4984
   1056 |  5016
   1057 |  4925
   1058 |  4972
   1059 |  5056
   1060 |  5078
   1061 |  5097
   1062 |  4965
   1063 |  4973
   1064 |  4976
   1065 |  4934
   1066 |  4981
   1067 |  4982
   1068 |  5071
   1069 |  4987
   1070 |  5018
   1071 |  4988
   1072 |  4957
   1073 |  5066
   1074 |  5026
   1075 |  4944
   1076 |  5015
   1077 |  4931
   1078 |  4940
   1079 |  5173
   1080 |  5001
   1081 |  5045
   1082 |  5115
   1083 |  5002
   1084 |  4954
   1085 |  4954
   1086 |  5001
   1087 |  5022
   1088 |  5128
   1089 |  5030
   1090 |  4975
   1091 |  4968
   1092 |  4898
   1093 |  5027
   1094 |  4971
   1095 |  4957
   1096 |  4932
   1097 |  5055
   1098 |  5091
   1099 |  4907
   1100 |  4892
   1101 |  5081
   1102 |  4975
   1103 |  4890
   1104 |  4980
   1105 |  4986
   1106 |  4937
   1107 |  5114
   1108 |  5012
   1109 |  5014
   1110 |  4972
   1111 |  5042
   1112 |  4936
   1113 |  5016
   1114 |  5081
   1115 |  5056
   1116 |  5066
   1117 |  4957
   1118 |  5031
   1119 |  5023
   1120 |  4998
   1121 |  4931
   1122 |  5012
   1123 |  5024
   1124 |  4961
   1125 |  5129
   1126 |  5004
   1127 |  5093
   1128 |  4965
   1129 |  4973
   1130 |  5055
   1131 |  5029
   1132 |  5098
   1133 |  4939
   1134 |  5085
   1135 |  5001
   1136 |  5025
   1137 |  5068
   1138 |  4967
   1139 |  4992
   1140 |  5075
   1141 |  4999
   1142 |  5024
   1143 |  4997
   1144 |  5079
   1145 |  5054
   1146 |  5066
   1147 |  5097
   1148 |  5043
   1149 |  4868
   1150 |  4988
   1151 |  5021
   1152 |  5072
   1153 |  5004
   1154 |  4902
   1155 |  4872
   1156 |  4962
   1157 |  4979
   1158 |  4983
   1159 |  5059
   1160 |  5050
   1161 |  5107
   1162 |  4950
   1163 |  5109
   1164 |  5005
   1165 |  5032
   1166 |  5006
   1167 |  4929
   1168 |  5019
   1169 |  5006
   1170 |  4996
   1171 |  5120
   1172 |  4854
   1173 |  5142
   1174 |  4961
   1175 |  5032
   1176 |  5061
   1177 |  4931
   1178 |  4965
   1179 |  5061
   1180 |  4794
   1181 |  5079
   1182 |  5077
   1183 |  5065
   1184 |  5024
   1185 |  4945
   1186 |  5005
   1187 |  5015
   1188 |  5009
   1189 |  4997
   1190 |  4924
   1191 |  5030
   1192 |  5042
   1193 |  4926
   1194 |  5083
   1195 |  5002
   1196 |  5061
   1197 |  5069
   1198 |  5084
   1199 |  5026
   1200 |  4997
   1201 |  5027
   1202 |  4967
   1203 |  5009
   1204 |  4915
   1205 |  5017
   1206 |  4989
   1207 |  5088
   1208 |  4958
   1209 |  5015
   1210 |  4996
   1211 |  4882
   1212 |  5068
   1213 |  5092
   1214 |  4938
   1215 |  5079
   1216 |  5009
   1217 |  4953
   1218 |  4996
   1219 |  4927
   1220 |  4848
   1221 |  5091
   1222 |  5055
   1223 |  5222
   1224 |  5082
   1225 |  4961
   1226 |  4998
   1227 |  5124
   1228 |  4979
   1229 |  4963
   1230 |  5011
   1231 |  5084
   1232 |  5021
   1233 |  5056
   1234 |  4938
   1235 |  5057
   1236 |  4920
   1237 |  5059
   1238 |  4998
   1239 |  4876
   1240 |  5049
   1241 |  5090
   1242 |  4943
   1243 |  5024
   1244 |  5014
   1245 |  5083
   1246 |  5046
   1247 |  4970
   1248 |  4967
   1249 |  5107
   1250 |  5033
   1251 |  5020
   1252 |  5113
   1253 |  5022
   1254 |  5024
   1255 |  5040
   1256 |  4831
   1257 |  4918
   1258 |  5173
   1259 |  5124
   1260 |  4955
   1261 |  5103
   1262 |  5111
   1263 |  4979
   1264 |  5031
   1265 |  4910
   1266 |  4985
   1267 |  5047
   1268 |  5033
   1269 |  4977
   1270 |  4970
   1271 |  5014
   1272 |  4964
   1273 |  5241
   1274 |  4975
   1275 |  4907
   1276 |  5003
   1277 |  4883
   1278 |  4906
   1279 |  5001
   1280 |  4960
   1281 |  4936
   1282 |  4979
   1283 |  4850
   1284 |  4852
   1285 |  5057
   1286 |  5031
   1287 |  4946
   1288 |  5067
   1289 |  5150
   1290 |  5017
   1291 |  4952
   1292 |  4988
   1293 |  4920
   1294 |  5171
   1295 |  4990
   1296 |  4994
   1297 |  5098
   1298 |  4861
   1299 |  4958
   1300 |  4965
   1301 |  4992
   1302 |  5052
   1303 |  4914
   1304 |  5020
   1305 |  4950
   1306 |  4990
   1307 |  5109
   1308 |  4995
   1309 |  4924
   1310 |  5012
   1311 |  4966
   1312 |  5097
   1313 |  4936
   1314 |  5010
   1315 |  5061
   1316 |  4910
   1317 |  4978
   1318 |  5133
   1319 |  5073
   1320 |  5108
   1321 |  4983
   1322 |  5129
   1323 |  4922
   1324 |  4934
   1325 |  4958
   1326 |  5013
   1327 |  5075
   1328 |  5087
   1329 |  5068
   1330 |  4827
   1331 |  5006
   1332 |  5151
   1333 |  4979
   1334 |  5151
   1335 |  5006
   1336 |  4950
   1337 |  5048
   1338 |  4981
   1339 |  4971
   1340 |  5182
   1341 |  4902
   1342 |  5084
   1343 |  4845
   1344 |  5105
   1345 |  5064
   1346 |  5035
   1347 |  4933
   1348 |  5160
   1349 |  4969
   1350 |  5041
   1351 |  5072
   1352 |  5063
   1353 |  5148
   1354 |  4989
   1355 |  5008
   1356 |  5034
   1357 |  4879
   1358 |  4928
   1359 |  5064
   1360 |  4958
   1361 |  4966
   1362 |  4961
   1363 |  5110
   1364 |  5054
   1365 |  5083
   1366 |  5148
   1367 |  5038
   1368 |  5033
   1369 |  5001
   1370 |  4987
   1371 |  4913
   1372 |  4864
   1373 |  4962
   1374 |  5020
   1375 |  4982
   1376 |  5026
   1377 |  4963
   1378 |  4991
   1379 |  5158
   1380 |  5017
   1381 |  5075
   1382 |  4947
   1383 |  5014
   1384 |  5137
   1385 |  4922
   1386 |  4945
   1387 |  5039
   1388 |  4985
   1389 |  5151
   1390 |  4902
   1391 |  5031
   1392 |  5044
   1393 |  5096
   1394 |  4927
   1395 |  5003
   1396 |  5014
   1397 |  4932
   1398 |  4913
   1399 |  5106
   1400 |  4913
   1401 |  4979
   1402 |  5097
   1403 |  4969
   1404 |  5078
   1405 |  4872
   1406 |  5016
   1407 |  4977
   1408 |  4993
   1409 |  5010
   1410 |  4974
   1411 |  5117
   1412 |  5016
   1413 |  5074
   1414 |  5000
   1415 |  5107
   1416 |  4988
   1417 |  5061
   1418 |  5157
   1419 |  5085
   1420 |  5010
   1421 |  5138
   1422 |  5062
   1423 |  5004
   1424 |  5085
   1425 |  5113
   1426 |  4956
   1427 |  5032
   1428 |  5029
   1429 |  4998
   1430 |  4914
   1431 |  4938
   1432 |  5044
   1433 |  4983
   1434 |  5014
   1435 |  4849
   1436 |  5041
   1437 |  5058
   1438 |  5078
   1439 |  4949
   1440 |  4979
   1441 |  5078
   1442 |  5006
   1443 |  5005
   1444 |  4958
   1445 |  5092
   1446 |  5011
   1447 |  5036
   1448 |  4949
   1449 |  4935
   1450 |  5088
   1451 |  5025
   1452 |  4978
   1453 |  5021
   1454 |  5041
   1455 |  4978
   1456 |  4986
   1457 |  5036
   1458 |  5062
   1459 |  4944
   1460 |  5022
   1461 |  5086
   1462 |  4958
   1463 |  4840
   1464 |  5037
   1465 |  4938
   1466 |  4937
   1467 |  4918
   1468 |  5180
   1469 |  4977
   1470 |  5113
   1471 |  5025
   1472 |  5110
   1473 |  4874
   1474 |  4935
   1475 |  5064
   1476 |  4989
   1477 |  5024
   1478 |  4839
   1479 |  5010
   1480 |  5049
   1481 |  4909
   1482 |  5134
   1483 |  4936
   1484 |  4991
   1485 |  5017
   1486 |  5080
   1487 |  4961
   1488 |  5049
   1489 |  5088
   1490 |  4998
   1491 |  4887
   1492 |  4997
   1493 |  5077
   1494 |  4900
   1495 |  5056
   1496 |  4996
   1497 |  5081
   1498 |  5000
   1499 |  5020
   1500 |  4998
   1501 |  4983
   1502 |  4926
   1503 |  5032
   1504 |  5008
   1505 |  4952
   1506 |  5010
   1507 |  4925
   1508 |  4990
   1509 |  5094
   1510 |  4938
   1511 |  4925
   1512 |  5056
   1513 |  5044
   1514 |  5082
   1515 |  5015
   1516 |  5062
   1517 |  4982
   1518 |  5083
   1519 |  4999
   1520 |  5128
   1521 |  5027
   1522 |  5100
   1523 |  5021
   1524 |  5096
   1525 |  5007
   1526 |  5069
   1527 |  5042
   1528 |  5082
   1529 |  4910
   1530 |  5128
   1531 |  4993
   1532 |  4946
   1533 |  5047
   1534 |  5029
   1535 |  4965
   1536 |  4991
   1537 |  4960
   1538 |  5005
   1539 |  5087
   1540 |  4944
   1541 |  4907
   1542 |  4908
   1543 |  5108
   1544 |  5052
   1545 |  4914
   1546 |  5034
   1547 |  4847
   1548 |  4963
   1549 |  5035
   1550 |  5051
   1551 |  5101
   1552 |  4958
   1553 |  4954
   1554 |  5127
   1555 |  4982
   1556 |  5056
   1557 |  4948
   1558 |  4882
   1559 |  4968
   1560 |  4949
   1561 |  4983
   1562 |  5157
   1563 |  4957
   1564 |  5054
   1565 |  4998
   1566 |  4956
   1567 |  5114
   1568 |  4981
   1569 |  4902
   1570 |  4909
   1571 |  4892
   1572 |  5036
   1573 |  5088
   1574 |  5134
   1575 |  5008
   1576 |  5020
   1577 |  5010
   1578 |  5090
   1579 |  4994
   1580 |  5040
   1581 |  5060
   1582 |  4973
   1583 |  4877
   1584 |  4889
   1585 |  4892
   1586 |  5087
   1587 |  4964
   1588 |  5017
   1589 |  5011
   1590 |  4904
   1591 |  5147
   1592 |  5091
   1593 |  5050
   1594 |  4990
   1595 |  4881
   1596 |  4893
   1597 |  5142
   1598 |  4937
   1599 |  5075
   1600 |  5076
   1601 |  5061
   1602 |  4906
   1603 |  4889
   1604 |  5053
   1605 |  4968
   1606 |  4946
   1607 |  4894
   1608 |  5008
   1609 |  4968
   1610 |  5059
   1611 |  5015
   1612 |  4991
   1613 |  4990
   1614 |  4985
   1615 |  5095
   1616 |  5030
   1617 |  4921
   1618 |  4997
   1619 |  4950
   1620 |  4953
   1621 |  5053
   1622 |  5068
   1623 |  5019
   1624 |  5032
   1625 |  4968
   1626 |  4977
   1627 |  4989
   1628 |  5081
   1629 |  5025
   1630 |  5119
   1631 |  4909
   1632 |  4923
   1633 |  5102
   1634 |  4891
   1635 |  5145
   1636 |  5008
   1637 |  5082
   1638 |  5007
   1639 |  5115
   1640 |  4946
   1641 |  4919
   1642 |  5006
   1643 |  5004
   1644 |  4968
   1645 |  5046
   1646 |  4930
   1647 |  5082
   1648 |  5008
   1649 |  4967
   1650 |  4912
   1651 |  5010
   1652 |  4915
   1653 |  4894
   1654 |  4978
   1655 |  5047
   1656 |  5091
   1657 |  4908
   1658 |  4876
   1659 |  4949
   1660 |  5037
   1661 |  5040
   1662 |  5025
   1663 |  4963
   1664 |  5146
   1665 |  5086
   1666 |  5091
   1667 |  4984
   1668 |  4860
   1669 |  5032
   1670 |  4999
   1671 |  4983
   1672 |  5052
   1673 |  5041
   1674 |  4999
   1675 |  5058
   1676 |  5023
   1677 |  4988
   1678 |  4888
   1679 |  4904
   1680 |  4968
   1681 |  4964
   1682 |  5028
   1683 |  4956
   1684 |  4916
   1685 |  4973
   1686 |  5067
   1687 |  4983
   1688 |  4947
   1689 |  4972
   1690 |  4971
   1691 |  5159
   1692 |  4883
   1693 |  4978
   1694 |  4857
   1695 |  5056
   1696 |  5128
   1697 |  5055
   1698 |  4953
   1699 |  5031
   1700 |  5040
   1701 |  4978
   1702 |  4969
   1703 |  5088
   1704 |  5119
   1705 |  5043
   1706 |  4994
   1707 |  5063
   1708 |  5066
   1709 |  5095
   1710 |  4913
   1711 |  5108
   1712 |  4998
   1713 |  4857
   1714 |  4992
   1715 |  4937
   1716 |  4963
   1717 |  5037
   1718 |  5000
   1719 |  4914
   1720 |  5074
   1721 |  5047
   1722 |  5165
   1723 |  4890
   1724 |  4911
   1725 |  5087
   1726 |  5165
   1727 |  5046
   1728 |  5074
   1729 |  5094
   1730 |  4936
   1731 |  4973
   1732 |  5113
   1733 |  4918
   1734 |  5046
   1735 |  4988
   1736 |  5094
   1737 |  5009
   1738 |  5054
   1739 |  4967
   1740 |  5146
   1741 |  5075
   1742 |  5099
   1743 |  5107
   1744 |  5052
   1745 |  5012
   1746 |  4986
   1747 |  5117
   1748 |  5044
   1749 |  5083
   1750 |  5048
   1751 |  4943
   1752 |  4971
   1753 |  4933
   1754 |  5089
   1755 |  4913
   1756 |  5053
   1757 |  5008
   1758 |  5001
   1759 |  4979
   1760 |  5103
   1761 |  5008
   1762 |  5054
   1763 |  5101
   1764 |  5034
   1765 |  5004
   1766 |  4924
   1767 |  4940
   1768 |  5071
   1769 |  5082
   1770 |  4959
   1771 |  4919
   1772 |  4922
   1773 |  5069
   1774 |  4998
   1775 |  5065
   1776 |  5017
   1777 |  4887
   1778 |  5044
   1779 |  4911
   1780 |  5078
   1781 |  4978
   1782 |  4996
   1783 |  4998
   1784 |  5119
   1785 |  4905
   1786 |  5066
   1787 |  5031
   1788 |  5080
   1789 |  5030
   1790 |  4906
   1791 |  5049
   1792 |  4945
   1793 |  5109
   1794 |  4984
   1795 |  5022
   1796 |  4960
   1797 |  5035
   1798 |  5054
   1799 |  5095
   1800 |  4956
   1801 |  5035
   1802 |  4967
   1803 |  4912
   1804 |  4997
   1805 |  4937
   1806 |  4853
   1807 |  5028
   1808 |  4942
   1809 |  5022
   1810 |  5055
   1811 |  4953
   1812 |  5083
   1813 |  5111
   1814 |  4947
   1815 |  4960
   1816 |  5036
   1817 |  4952
   1818 |  5138
   1819 |  5015
   1820 |  4909
   1821 |  5067
   1822 |  5139
   1823 |  5022
   1824 |  5012
   1825 |  5062
   1826 |  5049
   1827 |  4960
   1828 |  5110
   1829 |  5041
   1830 |  4985
   1831 |  5022
   1832 |  4971
   1833 |  4961
   1834 |  5056
   1835 |  5003
   1836 |  5043
   1837 |  5038
   1838 |  4988
   1839 |  5059
   1840 |  5163
   1841 |  4988
   1842 |  5058
   1843 |  5024
   1844 |  4997
   1845 |  4938
   1846 |  5099
   1847 |  5080
   1848 |  4932
   1849 |  4968
   1850 |  4984
   1851 |  4972
   1852 |  4940
   1853 |  4941
   1854 |  5035
   1855 |  5005
   1856 |  5045
   1857 |  4935
   1858 |  5007
   1859 |  4906
   1860 |  5005
   1861 |  5034
   1862 |  4918
   1863 |  5057
   1864 |  5021
   1865 |  5044
   1866 |  5035
   1867 |  4983
   1868 |  5001
   1869 |  4889
   1870 |  4894
   1871 |  4944
   1872 |  5068
   1873 |  4988
   1874 |  5148
   1875 |  5044
   1876 |  5047
   1877 |  5081
   1878 |  4950
   1879 |  5044
   1880 |  5140
   1881 |  4898
   1882 |  5009
   1883 |  5096
   1884 |  5023
   1885 |  5190
   1886 |  5060
   1887 |  5002
   1888 |  4898
   1889 |  5062
   1890 |  4953
   1891 |  5007
   1892 |  5128
   1893 |  5071
   1894 |  4976
   1895 |  5126
   1896 |  5073
   1897 |  5081
   1898 |  5142
   1899 |  5040
   1900 |  4943
   1901 |  5078
   1902 |  5129
   1903 |  4990
   1904 |  5071
   1905 |  4969
   1906 |  4870
   1907 |  5034
   1908 |  5086
   1909 |  5087
   1910 |  4911
   1911 |  5009
   1912 |  5144
   1913 |  4971
   1914 |  4989
   1915 |  4992
   1916 |  5014
   1917 |  5012
   1918 |  5003
   1919 |  4915
   1920 |  4910
   1921 |  5047
   1922 |  4965
   1923 |  4927
   1924 |  4955
   1925 |  4979
   1926 |  4970
   1927 |  4980
   1928 |  5121
   1929 |  4948
   1930 |  4938
   1931 |  5100
   1932 |  5056
   1933 |  5022
   1934 |  5011
   1935 |  4972
   1936 |  4977
   1937 |  4996
   1938 |  5101
   1939 |  5111
   1940 |  5046
   1941 |  4997
   1942 |  5051
   1943 |  4869
   1944 |  4977
   1945 |  5006
   1946 |  5028
   1947 |  4995
   1948 |  4934
   1949 |  4976
   1950 |  5083
   1951 |  5011
   1952 |  5134
   1953 |  5017
   1954 |  4974
   1955 |  4992
   1956 |  4886
   1957 |  4907
   1958 |  5016
   1959 |  5089
   1960 |  5151
   1961 |  5110
   1962 |  4994
   1963 |  5122
   1964 |  4931
   1965 |  5092
   1966 |  4984
   1967 |  4995
   1968 |  5102
   1969 |  4996
   1970 |  4995
   1971 |  4947
   1972 |  4987
   1973 |  4976
   1974 |  5030
   1975 |  5001
   1976 |  5096
   1977 |  4882
   1978 |  5027
   1979 |  4947
   1980 |  5075
   1981 |  4899
   1982 |  5068
   1983 |  4959
   1984 |  5004
   1985 |  5033
   1986 |  5074
   1987 |  5048
   1988 |  5062
   1989 |  4991
   1990 |  5096
   1991 |  4953
   1992 |  5030
   1993 |  4937
   1994 |  5003
   1995 |  4998
   1996 |  5025
   1997 |  4902
   1998 |  5036
   1999 |  4987
   2000 |  4954
   2001 |  5095
   2002 |  4991
   2003 |  4855
   2004 |  5092
   2005 |  4929
   2006 |  4947
   2007 |  4982
   2008 |  4955
   2009 |  4929
   2010 |  4937
   2011 |  4926
   2012 |  5032
   2013 |  5116
   2014 |  5025
   2015 |  4956
   2016 |  5105
   2017 |  5089
   2018 |  4909
   2019 |  4975
   2020 |  5054
   2021 |  4942
   2022 |  4960
   2023 |  4962
   2024 |  5030
   2025 |  5065
   2026 |  4932
   2027 |  5027
   2028 |  5035
   2029 |  5056
   2030 |  4975
   2031 |  5087
   2032 |  4915
   2033 |  4994
   2034 |  5022
   2035 |  5053
   2036 |  4925
   2037 |  5023
   2038 |  4970
   2039 |  5202
   2040 |  5031
   2041 |  5075
   2042 |  4938
   2043 |  4990
   2044 |  5116
   2045 |  5088
   2046 |  4921
   2047 |  5085
   2048 |  4879
   2049 |  5078
   2050 |  5155
   2051 |  4861
   2052 |  4976
   2053 |  4933
   2054 |  4872
   2055 |  4906
   2056 |  4967
   2057 |  4943
   2058 |  4856
   2059 |  5070
   2060 |  5109
   2061 |  5022
   2062 |  4945
   2063 |  4899
   2064 |  4935
   2065 |  5013
   2066 |  5004
   2067 |  4891
   2068 |  5036
   2069 |  4925
   2070 |  5143
   2071 |  4905
   2072 |  5084
   2073 |  4953
   2074 |  4953
   2075 |  4990
   2076 |  4904
   2077 |  5002
   2078 |  5083
   2079 |  5046
   2080 |  4988
   2081 |  5053
   2082 |  4913
   2083 |  5115
   2084 |  4907
   2085 |  5071
   2086 |  5079
   2087 |  5040
   2088 |  5021
   2089 |  5026
   2090 |  5080
   2091 |  5066
   2092 |  5081
   2093 |  5054
   2094 |  4904
   2095 |  5054
   2096 |  4939
   2097 |  4891
   2098 |  4998
   2099 |  5029
   2100 |  5086
   2101 |  5075
   2102 |  4931
   2103 |  5064
   2104 |  4845
   2105 |  5117
   2106 |  4839
   2107 |  4974
   2108 |  4985
   2109 |  5072
   2110 |  5098
   2111 |  4945
   2112 |  4964
   2113 |  5096
   2114 |  5061
   2115 |  4899
   2116 |  4857
   2117 |  5138
   2118 |  4978
   2119 |  4814
   2120 |  4991
   2121 |  5065
   2122 |  4949
   2123 |  4998
   2124 |  5100
   2125 |  4890
   2126 |  5016
   2127 |  5001
   2128 |  4963
   2129 |  4897
   2130 |  4837
   2131 |  5061
   2132 |  4988
   2133 |  5021
   2134 |  4831
   2135 |  5123
   2136 |  4947
   2137 |  5029
   2138 |  5083
   2139 |  5072
   2140 |  5022
   2141 |  4978
   2142 |  5105
   2143 |  5078
   2144 |  5009
   2145 |  5026
   2146 |  4953
   2147 |  4924
   2148 |  5150
   2149 |  4942
   2150 |  4980
   2151 |  5043
   2152 |  4923
   2153 |  4926
   2154 |  5086
   2155 |  4980
   2156 |  5082
   2157 |  5095
   2158 |  5023
   2159 |  5007
   2160 |  4926
   2161 |  4933
   2162 |  5049
   2163 |  5042
   2164 |  5023
   2165 |  5019
   2166 |  5096
   2167 |  5042
   2168 |  4990
   2169 |  4864
   2170 |  5023
   2171 |  5133
   2172 |  4962
   2173 |  4907
   2174 |  5067
   2175 |  5021
   2176 |  4992
   2177 |  5014
   2178 |  4973
   2179 |  5000
   2180 |  5050
   2181 |  5105
   2182 |  4937
   2183 |  4961
   2184 |  5003
   2185 |  4960
   2186 |  5015
   2187 |  4998
   2188 |  4939
   2189 |  5059
   2190 |  4878
   2191 |  5027
   2192 |  5004
   2193 |  5000
   2194 |  5088
   2195 |  4957
   2196 |  4915
   2197 |  5023
   2198 |  4977
   2199 |  4917
   2200 |  5021
   2201 |  5040
   2202 |  4971
   2203 |  4916
   2204 |  5049
   2205 |  4954
   2206 |  5038
   2207 |  4939
   2208 |  5130
   2209 |  5013
   2210 |  5002
   2211 |  4891
   2212 |  5054
   2213 |  4939
   2214 |  5026
   2215 |  5044
   2216 |  5086
   2217 |  5012
   2218 |  5004
   2219 |  4995
   2220 |  4884
   2221 |  4927
   2222 |  4926
   2223 |  5024
   2224 |  5100
   2225 |  5002
   2226 |  4962
   2227 |  4977
   2228 |  5125
   2229 |  5029
   2230 |  5045
   2231 |  4987
   2232 |  4925
   2233 |  5030
   2234 |  5061
   2235 |  5082
   2236 |  4941
   2237 |  5043
   2238 |  4988
   2239 |  5052
   2240 |  5105
   2241 |  4995
   2242 |  4948
   2243 |  5008
   2244 |  5047
   2245 |  4967
   2246 |  5165
   2247 |  5033
   2248 |  4943
   2249 |  5057
   2250 |  5094
   2251 |  5016
   2252 |  4911
   2253 |  5123
   2254 |  4947
   2255 |  5063
   2256 |  5033
   2257 |  5052
   2258 |  5016
   2259 |  4867
   2260 |  5131
   2261 |  5000
   2262 |  4945
   2263 |  4976
   2264 |  4896
   2265 |  5040
   2266 |  5028
   2267 |  4973
   2268 |  4934
   2269 |  5040
   2270 |  5016
   2271 |  5130
   2272 |  4969
   2273 |  5045
   2274 |  5051
   2275 |  5063
   2276 |  5117
   2277 |  5048
   2278 |  5095
   2279 |  4922
   2280 |  5121
   2281 |  5036
   2282 |  4931
   2283 |  5123
   2284 |  4987
   2285 |  5058
   2286 |  4902
   2287 |  5012
   2288 |  4980
   2289 |  5067
   2290 |  4972
   2291 |  5003
   2292 |  5078
   2293 |  5006
   2294 |  4928
   2295 |  5059
   2296 |  4948
   2297 |  5112
   2298 |  4871
   2299 |  4899
   2300 |  5081
   2301 |  4985
   2302 |  4986
   2303 |  5004
   2304 |  5042
   2305 |  5025
   2306 |  5033
   2307 |  5122
   2308 |  4936
   2309 |  5012
   2310 |  4939
   2311 |  4959
   2312 |  4935
   2313 |  5019
   2314 |  4879
   2315 |  4940
   2316 |  5081
   2317 |  4964
   2318 |  4914
   2319 |  5024
   2320 |  4941
   2321 |  4885
   2322 |  5036
   2323 |  5063
   2324 |  5003
   2325 |  5024
   2326 |  5044
   2327 |  5041
   2328 |  4945
   2329 |  5053
   2330 |  5016
   2331 |  5021
   2332 |  5030
   2333 |  4868
   2334 |  4970
   2335 |  4981
   2336 |  5013
   2337 |  5085
   2338 |  5008
   2339 |  4991
   2340 |  4999
   2341 |  5066
   2342 |  5022
   2343 |  4983
   2344 |  4997
   2345 |  5038
   2346 |  5018
   2347 |  4989
   2348 |  5003
   2349 |  4892
   2350 |  5014
   2351 |  4987
   2352 |  4971
   2353 |  4830
   2354 |  4876
   2355 |  4899
   2356 |  4957
   2357 |  4925
   2358 |  4962
   2359 |  5194
   2360 |  5016
   2361 |  4944
   2362 |  4936
   2363 |  5117
   2364 |  5051
   2365 |  4949
   2366 |  4964
   2367 |  5050
   2368 |  4882
   2369 |  4964
   2370 |  4984
   2371 |  4938
   2372 |  5043
   2373 |  4846
   2374 |  5060
   2375 |  5018
   2376 |  4934
   2377 |  4929
   2378 |  4994
   2379 |  5020
   2380 |  4874
   2381 |  5074
   2382 |  4987
   2383 |  5043
   2384 |  4928
   2385 |  4920
   2386 |  5040
   2387 |  5083
   2388 |  4997
   2389 |  4933
   2390 |  5091
   2391 |  5099
   2392 |  5034
   2393 |  5048
   2394 |  4915
   2395 |  5041
   2396 |  5111
   2397 |  4986
   2398 |  5030
   2399 |  5090
   2400 |  5034
   2401 |  5031
   2402 |  4810
   2403 |  5034
   2404 |  5081
   2405 |  4981
   2406 |  5148
   2407 |  5012
   2408 |  5039
   2409 |  4938
   2410 |  4936
   2411 |  4927
   2412 |  4937
   2413 |  5203
   2414 |  5049
   2415 |  4998
   2416 |  5089
   2417 |  4928
   2418 |  5050
   2419 |  4880
   2420 |  5126
   2421 |  5118
   2422 |  4976
   2423 |  5020
   2424 |  4964
   2425 |  4863
   2426 |  4992
   2427 |  5085
   2428 |  4958
   2429 |  5065
   2430 |  4932
   2431 |  5018
   2432 |  5120
   2433 |  5072
   2434 |  4978
   2435 |  5055
   2436 |  5001
   2437 |  4903
   2438 |  4967
   2439 |  5009
   2440 |  5081
   2441 |  5019
   2442 |  5095
   2443 |  5085
   2444 |  4952
   2445 |  5074
   2446 |  4900
   2447 |  5098
   2448 |  5005
   2449 |  5121
   2450 |  4985
   2451 |  5058
   2452 |  4931
   2453 |  5010
   2454 |  4906
   2455 |  4996
   2456 |  4863
   2457 |  5076
   2458 |  4923
   2459 |  5173
   2460 |  5042
   2461 |  5141
   2462 |  5155
   2463 |  4929
   2464 |  5027
   2465 |  5001
   2466 |  4925
   2467 |  5064
   2468 |  4904
   2469 |  4986
   2470 |  4953
   2471 |  5138
   2472 |  4904
   2473 |  5022
   2474 |  5079
   2475 |  5105
   2476 |  5061
   2477 |  4999
   2478 |  4935
   2479 |  4989
   2480 |  4964
   2481 |  5049
   2482 |  5009
   2483 |  4997
   2484 |  4976
   2485 |  5084
   2486 |  4883
   2487 |  5048
   2488 |  4989
   2489 |  4909
   2490 |  4885
   2491 |  5087
   2492 |  4857
   2493 |  5025
   2494 |  4964
   2495 |  5037
   2496 |  4999
   2497 |  4989
   2498 |  4960
   2499 |  4973
   2500 |  5058
   2501 |  5112
   2502 |  4944
   2503 |  4984
   2504 |  4942
   2505 |  5072
   2506 |  5108
   2507 |  4959
   2508 |  4938
   2509 |  5086
   2510 |  4990
   2511 |  4976
   2512 |  5036
   2513 |  5010
   2514 |  5205
   2515 |  5050
   2516 |  4909
   2517 |  4874
   2518 |  4936
   2519 |  4950
   2520 |  5047
   2521 |  4968
   2522 |  5025
   2523 |  4925
   2524 |  5034
   2525 |  4911
   2526 |  4968
   2527 |  5060
   2528 |  5007
   2529 |  4923
   2530 |  5028
   2531 |  4948
   2532 |  4980
   2533 |  5002
   2534 |  4945
   2535 |  5082
   2536 |  4967
   2537 |  5066
   2538 |  5071
   2539 |  5073
   2540 |  5037
   2541 |  4945
   2542 |  5049
   2543 |  4993
   2544 |  4921
   2545 |  4874
   2546 |  5055
   2547 |  4915
   2548 |  4874
   2549 |  5071
   2550 |  4988
   2551 |  5064
   2552 |  5030
   2553 |  5085
   2554 |  5041
   2555 |  5067
   2556 |  4872
   2557 |  5069
   2558 |  5245
   2559 |  4913
   2560 |  4964
   2561 |  5106
   2562 |  4942
   2563 |  5053
   2564 |  5002
   2565 |  5007
   2566 |  4925
   2567 |  5094
   2568 |  5033
   2569 |  5006
   2570 |  4935
   2571 |  5063
   2572 |  5014
   2573 |  4949
   2574 |  5040
   2575 |  4963
   2576 |  5015
   2577 |  5111
   2578 |  5014
   2579 |  5103
   2580 |  5023
   2581 |  4836
   2582 |  5014
   2583 |  5096
   2584 |  4973
   2585 |  5022
   2586 |  5055
   2587 |  4913
   2588 |  5095
   2589 |  4908
   2590 |  5076
   2591 |  4957
   2592 |  5020
   2593 |  5008
   2594 |  4987
   2595 |  5175
   2596 |  4973
   2597 |  5067
   2598 |  4935
   2599 |  5119
   2600 |  5038
   2601 |  5059
   2602 |  4841
   2603 |  4995
   2604 |  4978
   2605 |  5064
   2606 |  5041
   2607 |  4934
   2608 |  5031
   2609 |  4918
   2610 |  5091
   2611 |  5076
   2612 |  5026
   2613 |  5218
   2614 |  4940
   2615 |  5024
   2616 |  4968
   2617 |  5035
   2618 |  4990
   2619 |  4924
   2620 |  5021
   2621 |  5000
   2622 |  4953
   2623 |  4996
   2624 |  4989
   2625 |  5140
   2626 |  5005
   2627 |  4971
   2628 |  4929
   2629 |  5027
   2630 |  5020
   2631 |  5011
   2632 |  4970
   2633 |  4845
   2634 |  5065
   2635 |  4988
   2636 |  5131
   2637 |  5064
   2638 |  4924
   2639 |  4949
   2640 |  5065
   2641 |  4957
   2642 |  4907
   2643 |  4965
   2644 |  5072
   2645 |  5044
   2646 |  5088
   2647 |  5035
   2648 |  5115
   2649 |  4991
   2650 |  5074
   2651 |  4917
   2652 |  5006
   2653 |  5079
   2654 |  5030
   2655 |  5047
   2656 |  5034
   2657 |  5006
   2658 |  5004
   2659 |  4958
   2660 |  5108
   2661 |  4968
   2662 |  4970
   2663 |  5038
   2664 |  4908
   2665 |  4984
   2666 |  4865
   2667 |  4949
   2668 |  5093
   2669 |  5126
   2670 |  4969
   2671 |  4937
   2672 |  5031
   2673 |  4923
   2674 |  4971
   2675 |  5015
   2676 |  5043
   2677 |  5060
   2678 |  4983
   2679 |  4918
   2680 |  4948
   2681 |  4941
   2682 |  4895
   2683 |  5042
   2684 |  5066
   2685 |  4965
   2686 |  4964
   2687 |  5010
   2688 |  5115
   2689 |  5058
   2690 |  4941
   2691 |  5041
   2692 |  4993
   2693 |  4946
   2694 |  4917
   2695 |  4907
   2696 |  5032
   2697 |  5040
   2698 |  4959
   2699 |  5119
   2700 |  5044
   2701 |  5056
   2702 |  4945
   2703 |  5016
   2704 |  4952
   2705 |  5033
   2706 |  5050
   2707 |  5016
   2708 |  5016
   2709 |  5188
   2710 |  4971
   2711 |  4926
   2712 |  4938
   2713 |  4979
   2714 |  4944
   2715 |  4962
   2716 |  5006
   2717 |  5006
   2718 |  4916
   2719 |  5026
   2720 |  5038
   2721 |  4994
   2722 |  5045
   2723 |  4918
   2724 |  5150
   2725 |  5083
   2726 |  5104
   2727 |  4941
   2728 |  5007
   2729 |  5003
   2730 |  4998
   2731 |  5083
   2732 |  5000
   2733 |  5041
   2734 |  5054
   2735 |  4956
   2736 |  5046
   2737 |  4963
   2738 |  5073
   2739 |  4913
   2740 |  5113
   2741 |  5156
   2742 |  4960
   2743 |  4994
   2744 |  5014
   2745 |  5177
   2746 |  4990
   2747 |  5031
   2748 |  5044
   2749 |  5050
   2750 |  5101
   2751 |  5047
   2752 |  4967
   2753 |  5061
   2754 |  5005
   2755 |  5095
   2756 |  5015
   2757 |  4926
   2758 |  5103
   2759 |  4937
   2760 |  5019
   2761 |  5130
   2762 |  4985
   2763 |  5016
   2764 |  5053
   2765 |  4947
   2766 |  5062
   2767 |  4989
   2768 |  5010
   2769 |  4931
   2770 |  5068
   2771 |  4998
   2772 |  4920
   2773 |  4798
   2774 |  4984
   2775 |  5136
   2776 |  5078
   2777 |  4930
   2778 |  5032
   2779 |  4939
   2780 |  5021
   2781 |  4993
   2782 |  4951
   2783 |  4954
   2784 |  5000
   2785 |  4980
   2786 |  4964
   2787 |  5113
   2788 |  4984
   2789 |  5089
   2790 |  5004
   2791 |  4868
   2792 |  4965
   2793 |  5130
   2794 |  4997
   2795 |  4978
   2796 |  4923
   2797 |  4979
   2798 |  5011
   2799 |  5047
   2800 |  4945
   2801 |  4957
   2802 |  4996
   2803 |  5041
   2804 |  5188
   2805 |  5109
   2806 |  4943
   2807 |  5071
   2808 |  4984
   2809 |  5020
   2810 |  5105
   2811 |  5064
   2812 |  4914
   2813 |  5011
   2814 |  4932
   2815 |  5062
   2816 |  5038
   2817 |  5126
   2818 |  4977
   2819 |  4883
   2820 |  4950
   2821 |  5022
   2822 |  4910
   2823 |  5026
   2824 |  5019
   2825 |  4931
   2826 |  5001
   2827 |  4968
   2828 |  5009
   2829 |  4971
   2830 |  5074
   2831 |  5031
   2832 |  4920
   2833 |  5018
   2834 |  4973
   2835 |  4999
   2836 |  5063
   2837 |  5066
   2838 |  4940
   2839 |  5036
   2840 |  4826
   2841 |  5075
   2842 |  5024
   2843 |  5023
   2844 |  4894
   2845 |  5039
   2846 |  5028
   2847 |  4907
   2848 |  5084
   2849 |  5029
   2850 |  4819
   2851 |  5032
   2852 |  4992
   2853 |  4985
   2854 |  4997
   2855 |  5028
   2856 |  5158
   2857 |  4971
   2858 |  4934
   2859 |  4892
   2860 |  5008
   2861 |  4979
   2862 |  5081
   2863 |  4893
   2864 |  4864
   2865 |  5034
   2866 |  5046
   2867 |  4853
   2868 |  5102
   2869 |  5070
   2870 |  5149
   2871 |  4912
   2872 |  4969
   2873 |  5059
   2874 |  4968
   2875 |  5039
   2876 |  4947
   2877 |  5102
   2878 |  4955
   2879 |  5052
   2880 |  5028
   2881 |  4977
   2882 |  4978
   2883 |  5061
   2884 |  5049
   2885 |  4927
   2886 |  4957
   2887 |  5009
   2888 |  4987
   2889 |  5070
   2890 |  4930
   2891 |  4996
   2892 |  5064
   2893 |  4870
   2894 |  4974
   2895 |  4927
   2896 |  5017
   2897 |  5069
   2898 |  4894
   2899 |  4996
   2900 |  5138
   2901 |  4935
   2902 |  4967
   2903 |  4901
   2904 |  4994
   2905 |  5009
   2906 |  5068
   2907 |  4893
   2908 |  4987
   2909 |  5055
   2910 |  5060
   2911 |  5021
   2912 |  5136
   2913 |  4994
   2914 |  5058
   2915 |  4983
   2916 |  4992
   2917 |  5052
   2918 |  5065
   2919 |  4979
   2920 |  4919
   2921 |  5015
   2922 |  4924
   2923 |  4959
   2924 |  4962
   2925 |  5016
   2926 |  5019
   2927 |  4950
   2928 |  4941
   2929 |  4972
   2930 |  4958
   2931 |  5012
   2932 |  5010
   2933 |  4955
   2934 |  5024
   2935 |  4993
   2936 |  5029
   2937 |  4980
   2938 |  4908
   2939 |  5036
   2940 |  4955
   2941 |  5004
   2942 |  5001
   2943 |  5072
   2944 |  4977
   2945 |  4975
   2946 |  5061
   2947 |  5067
   2948 |  5020
   2949 |  4968
   2950 |  4975
   2951 |  4974
   2952 |  4973
   2953 |  4991
   2954 |  5111
   2955 |  4996
   2956 |  5000
   2957 |  5053
   2958 |  5009
   2959 |  4935
   2960 |  5046
   2961 |  5100
   2962 |  5052
   2963 |  5122
   2964 |  4940
   2965 |  5004
   2966 |  5004
   2967 |  5017
   2968 |  5087
   2969 |  5021
   2970 |  4976
   2971 |  5054
   2972 |  4990
   2973 |  5142
   2974 |  4891
   2975 |  5006
   2976 |  4981
   2977 |  4963
   2978 |  4873
   2979 |  5056
   2980 |  5017
   2981 |  5042
   2982 |  4954
   2983 |  5028
   2984 |  5035
   2985 |  4961
   2986 |  4942
   2987 |  5056
   2988 |  5058
   2989 |  4993
   2990 |  5077
   2991 |  5065
   2992 |  4893
   2993 |  5021
   2994 |  5058
   2995 |  5025
   2996 |  4879
   2997 |  5012
   2998 |  5061
   2999 |  5003
   3000 |  4903
   3001 |  5034
   3002 |  4997
   3003 |  4939
   3004 |  5053
   3005 |  5060
   3006 |  5062
   3007 |  5131
   3008 |  5040
   3009 |  5016
   3010 |  4999
   3011 |  5074
   3012 |  4966
   3013 |  5078
   3014 |  4951
   3015 |  5041
   3016 |  5073
   3017 |  5117
   3018 |  4996
   3019 |  4953
   3020 |  5018
   3021 |  5029
   3022 |  5076
   3023 |  5007
   3024 |  5167
   3025 |  4995
   3026 |  5093
   3027 |  4998
   3028 |  5126
   3029 |  5072
   3030 |  4913
   3031 |  5128
   3032 |  5045
   3033 |  5041
   3034 |  5188
   3035 |  4906
   3036 |  5123
   3037 |  4994
   3038 |  5037
   3039 |  5002
   3040 |  5040
   3041 |  5075
   3042 |  5004
   3043 |  5098
   3044 |  4970
   3045 |  4986
   3046 |  5128
   3047 |  5102
   3048 |  5018
   3049 |  4984
   3050 |  5073
   3051 |  5088
   3052 |  5118
   3053 |  4926
   3054 |  4924
   3055 |  4973
   3056 |  5037
   3057 |  4979
   3058 |  4919
   3059 |  5099
   3060 |  5043
   3061 |  5017
   3062 |  4984
   3063 |  4950
   3064 |  4989
   3065 |  5079
   3066 |  5102
   3067 |  5029
   3068 |  5013
   3069 |  4893
   3070 |  4926
   3071 |  5097
   3072 |  5035
   3073 |  4975
   3074 |  4988
   3075 |  4960
   3076 |  4992
   3077 |  4993
   3078 |  5080
   3079 |  4917
   3080 |  5026
   3081 |  5091
   3082 |  4938
   3083 |  4934
   3084 |  4978
   3085 |  5041
   3086 |  4906
   3087 |  4979
   3088 |  5084
   3089 |  4981
   3090 |  5041
   3091 |  5037
   3092 |  5118
   3093 |  4947
   3094 |  4820
   3095 |  5070
   3096 |  5079
   3097 |  4917
   3098 |  4925
   3099 |  5076
   3100 |  5057
   3101 |  4943
   3102 |  4904
   3103 |  5016
   3104 |  5022
   3105 |  5001
   3106 |  4954
   3107 |  4907
   3108 |  5002
   3109 |  4963
   3110 |  5021
   3111 |  5026
   3112 |  4958
   3113 |  5028
   3114 |  5107
   3115 |  4950
   3116 |  4909
   3117 |  4887
   3118 |  5091
   3119 |  5010
   3120 |  5027
   3121 |  4959
   3122 |  5081
   3123 |  5059
   3124 |  4943
   3125 |  4932
   3126 |  4977
   3127 |  5093
   3128 |  5014
   3129 |  5069
   3130 |  5089
   3131 |  4872
   3132 |  4967
   3133 |  4965
   3134 |  5039
   3135 |  5034
   3136 |  5013
   3137 |  4927
   3138 |  5049
   3139 |  4840
   3140 |  5061
   3141 |  5007
   3142 |  4945
   3143 |  4927
   3144 |  4928
   3145 |  4924
   3146 |  5020
   3147 |  5024
   3148 |  4971
   3149 |  4989
   3150 |  4978
   3151 |  5092
   3152 |  5020
   3153 |  5058
   3154 |  5032
   3155 |  5105
   3156 |  5043
   3157 |  5041
   3158 |  5035
   3159 |  5030
   3160 |  5055
   3161 |  4948
   3162 |  4963
   3163 |  5034
   3164 |  5018
   3165 |  4993
   3166 |  4911
   3167 |  5129
   3168 |  5130
   3169 |  5066
   3170 |  4963
   3171 |  5005
   3172 |  4943
   3173 |  5012
   3174 |  5001
   3175 |  5089
   3176 |  4941
   3177 |  5009
   3178 |  5039
   3179 |  4969
   3180 |  5095
   3181 |  5181
   3182 |  4883
   3183 |  4902
   3184 |  4998
   3185 |  4932
   3186 |  4973
   3187 |  5062
   3188 |  4901
   3189 |  5055
   3190 |  5072
   3191 |  4987
   3192 |  5139
   3193 |  5027
   3194 |  5045
   3195 |  5053
   3196 |  5063
   3197 |  5049
   3198 |  5123
   3199 |  5090
   3200 |  5004
   3201 |  4988
   3202 |  4995
   3203 |  5091
   3204 |  5089
   3205 |  5078
   3206 |  5014
   3207 |  5097
   3208 |  4885
   3209 |  5149
   3210 |  4891
   3211 |  5073
   3212 |  5074
   3213 |  5085
   3214 |  4964
   3215 |  5005
   3216 |  4931
   3217 |  4989
   3218 |  4870
   3219 |  4969
   3220 |  5091
   3221 |  5042
   3222 |  5000
   3223 |  4979
   3224 |  4961
   3225 |  5094
   3226 |  5002
   3227 |  4896
   3228 |  4983
   3229 |  4968
   3230 |  5021
   3231 |  4979
   3232 |  5061
   3233 |  5018
   3234 |  4886
   3235 |  4975
   3236 |  4971
   3237 |  4949
   3238 |  4978
   3239 |  4938
   3240 |  4988
   3241 |  4996
   3242 |  4955
   3243 |  4941
   3244 |  5045
   3245 |  5010
   3246 |  4986
   3247 |  5111
   3248 |  5084
   3249 |  4959
   3250 |  5007
   3251 |  4941
   3252 |  5063
   3253 |  4983
   3254 |  5054
   3255 |  4966
   3256 |  5038
   3257 |  5061
   3258 |  4867
   3259 |  5069
   3260 |  5117
   3261 |  5060
   3262 |  4967
   3263 |  4986
   3264 |  4992
   3265 |  4997
   3266 |  4918
   3267 |  5068
   3268 |  5074
   3269 |  5034
   3270 |  4911
   3271 |  4976
   3272 |  4920
   3273 |  5159
   3274 |  5143
   3275 |  5030
   3276 |  5006
   3277 |  4952
   3278 |  4770
   3279 |  4967
   3280 |  4955
   3281 |  5045
   3282 |  5147
   3283 |  4922
   3284 |  5071
   3285 |  5109
   3286 |  4899
   3287 |  5038
   3288 |  4984
   3289 |  4947
   3290 |  5024
   3291 |  4996
   3292 |  5035
   3293 |  4976
   3294 |  4791
   3295 |  5056
   3296 |  5154
   3297 |  4993
   3298 |  5111
   3299 |  5027
   3300 |  5073
   3301 |  5133
   3302 |  5159
   3303 |  4879
   3304 |  5114
   3305 |  5065
   3306 |  5051
   3307 |  4908
   3308 |  5106
   3309 |  5026
   3310 |  5062
   3311 |  5012
   3312 |  5040
   3313 |  5076
   3314 |  4968
   3315 |  5047
   3316 |  4940
   3317 |  5061
   3318 |  4904
   3319 |  5052
   3320 |  4988
   3321 |  5038
   3322 |  5046
   3323 |  5056
   3324 |  5008
   3325 |  4990
   3326 |  5003
   3327 |  5001
   3328 |  4980
   3329 |  5074
   3330 |  4936
   3331 |  5026
   3332 |  5089
   3333 |  5006
   3334 |  5018
   3335 |  5052
   3336 |  4965
   3337 |  4930
   3338 |  5128
   3339 |  5028
   3340 |  5002
   3341 |  4922
   3342 |  4926
   3343 |  5139
   3344 |  4995
   3345 |  5073
   3346 |  5076
   3347 |  5097
   3348 |  5010
   3349 |  4973
   3350 |  4928
   3351 |  4955
   3352 |  4997
   3353 |  4970
   3354 |  5042
   3355 |  5050
   3356 |  4937
   3357 |  4966
   3358 |  5012
   3359 |  5021
   3360 |  5055
   3361 |  5050
   3362 |  4996
   3363 |  5043
   3364 |  5096
   3365 |  4976
   3366 |  5125
   3367 |  4936
   3368 |  4984
   3369 |  5044
   3370 |  5096
   3371 |  5024
   3372 |  5092
   3373 |  4919
   3374 |  5018
   3375 |  5066
   3376 |  5068
   3377 |  4958
   3378 |  5055
   3379 |  5076
   3380 |  5018
   3381 |  4921
   3382 |  5143
   3383 |  5064
   3384 |  4966
   3385 |  4921
   3386 |  4960
   3387 |  5072
   3388 |  5008
   3389 |  5118
   3390 |  5055
   3391 |  4972
   3392 |  4961
   3393 |  5042
   3394 |  5116
   3395 |  5108
   3396 |  4952
   3397 |  5035
   3398 |  5002
   3399 |  4979
   3400 |  5065
   3401 |  5156
   3402 |  5000
   3403 |  4951
   3404 |  4993
   3405 |  5028
   3406 |  5093
   3407 |  5023
   3408 |  5038
   3409 |  4897
   3410 |  4964
   3411 |  5024
   3412 |  4886
   3413 |  4893
   3414 |  5029
   3415 |  4984
   3416 |  4973
   3417 |  5035
   3418 |  4994
   3419 |  5069
   3420 |  5023
   3421 |  4956
   3422 |  4970
   3423 |  4985
   3424 |  4952
   3425 |  5024
   3426 |  5079
   3427 |  5126
   3428 |  4866
   3429 |  4930
   3430 |  5056
   3431 |  5081
   3432 |  5082
   3433 |  5074
   3434 |  5030
   3435 |  5102
   3436 |  5126
   3437 |  5064
   3438 |  5048
   3439 |  4994
   3440 |  5103
   3441 |  5077
   3442 |  4987
   3443 |  4910
   3444 |  4971
   3445 |  4995
   3446 |  5006
   3447 |  5009
   3448 |  5042
   3449 |  5149
   3450 |  5033
   3451 |  5014
   3452 |  4971
   3453 |  5048
   3454 |  4994
   3455 |  4922
   3456 |  4935
   3457 |  4960
   3458 |  4994
   3459 |  4888
   3460 |  4969
   3461 |  4997
   3462 |  4839
   3463 |  4941
   3464 |  4978
   3465 |  5041
   3466 |  4958
   3467 |  4857
   3468 |  4892
   3469 |  5018
   3470 |  5007
   3471 |  4991
   3472 |  5001
   3473 |  5074
   3474 |  5043
   3475 |  5121
   3476 |  4978
   3477 |  4991
   3478 |  4959
   3479 |  5114
   3480 |  5086
   3481 |  4961
   3482 |  4964
   3483 |  5007
   3484 |  4992
   3485 |  5125
   3486 |  4873
   3487 |  5142
   3488 |  5014
   3489 |  4989
   3490 |  5025
   3491 |  5055
   3492 |  5132
   3493 |  5055
   3494 |  4958
   3495 |  5048
   3496 |  5008
   3497 |  5045
   3498 |  5030
   3499 |  5109
   3500 |  5043
   3501 |  5037
   3502 |  5103
   3503 |  5104
   3504 |  4894
   3505 |  4999
   3506 |  5028
   3507 |  5028
   3508 |  5127
   3509 |  4953
   3510 |  5081
   3511 |  4979
   3512 |  4993
   3513 |  4992
   3514 |  4992
   3515 |  5010
   3516 |  5001
   3517 |  4914
   3518 |  5042
   3519 |  5092
   3520 |  4975
   3521 |  4917
   3522 |  4914
   3523 |  5028
   3524 |  5029
   3525 |  4950
   3526 |  5061
   3527 |  4924
   3528 |  5049
   3529 |  4981
   3530 |  4890
   3531 |  4872
   3532 |  4995
   3533 |  5070
   3534 |  4936
   3535 |  5041
   3536 |  5012
   3537 |  5012
   3538 |  5013
   3539 |  5050
   3540 |  4990
   3541 |  4953
   3542 |  5059
   3543 |  4956
   3544 |  5133
   3545 |  5047
   3546 |  5145
   3547 |  5038
   3548 |  4965
   3549 |  5067
   3550 |  5005
   3551 |  5017
   3552 |  5014
   3553 |  4960
   3554 |  4989
   3555 |  4958
   3556 |  5115
   3557 |  5022
   3558 |  4970
   3559 |  5121
   3560 |  5014
   3561 |  4994
   3562 |  4978
   3563 |  5024
   3564 |  5001
   3565 |  4958
   3566 |  5094
   3567 |  5014
   3568 |  5139
   3569 |  5042
   3570 |  4985
   3571 |  5014
   3572 |  5066
   3573 |  5036
   3574 |  5065
   3575 |  4957
   3576 |  5102
   3577 |  4953
   3578 |  5211
   3579 |  4965
   3580 |  5024
   3581 |  4971
   3582 |  5125
   3583 |  5020
   3584 |  5039
   3585 |  4997
   3586 |  5087
   3587 |  5088
   3588 |  4885
   3589 |  5114
   3590 |  4920
   3591 |  5007
   3592 |  4943
   3593 |  5203
   3594 |  5089
   3595 |  5133
   3596 |  5099
   3597 |  5122
   3598 |  5078
   3599 |  4876
   3600 |  4986
   3601 |  4919
   3602 |  4764
   3603 |  5032
   3604 |  5094
   3605 |  4973
   3606 |  4922
   3607 |  4997
   3608 |  5078
   3609 |  5113
   3610 |  4942
   3611 |  4941
   3612 |  4989
   3613 |  4990
   3614 |  4925
   3615 |  4955
   3616 |  5115
   3617 |  5080
   3618 |  4920
   3619 |  5018
   3620 |  4978
   3621 |  4979
   3622 |  5004
   3623 |  4989
   3624 |  4980
   3625 |  4948
   3626 |  4911
   3627 |  5013
   3628 |  5026
   3629 |  5022
   3630 |  4981
   3631 |  5026
   3632 |  5050
   3633 |  4994
   3634 |  4996
   3635 |  5022
   3636 |  5026
   3637 |  5062
   3638 |  4975
   3639 |  5034
   3640 |  5010
   3641 |  5014
   3642 |  4944
   3643 |  4977
   3644 |  5003
   3645 |  4935
   3646 |  5081
   3647 |  5064
   3648 |  5090
   3649 |  4973
   3650 |  5003
   3651 |  5052
   3652 |  5045
   3653 |  5063
   3654 |  5020
   3655 |  4978
   3656 |  5000
   3657 |  5049
   3658 |  5037
   3659 |  5073
   3660 |  4959
   3661 |  4941
   3662 |  5052
   3663 |  4919
   3664 |  5141
   3665 |  5098
   3666 |  4982
   3667 |  4915
   3668 |  4965
   3669 |  5014
   3670 |  4772
   3671 |  4999
   3672 |  4982
   3673 |  4961
   3674 |  5007
   3675 |  5052
   3676 |  5007
   3677 |  5141
   3678 |  4871
   3679 |  5011
   3680 |  4977
   3681 |  5010
   3682 |  5038
   3683 |  4981
   3684 |  5116
   3685 |  4965
   3686 |  4982
   3687 |  5019
   3688 |  4955
   3689 |  5076
   3690 |  4962
   3691 |  5019
   3692 |  5034
   3693 |  4986
   3694 |  5068
   3695 |  4968
   3696 |  5118
   3697 |  5138
   3698 |  4985
   3699 |  4850
   3700 |  4949
   3701 |  4978
   3702 |  4999
   3703 |  4969
   3704 |  5026
   3705 |  5030
   3706 |  5001
   3707 |  4959
   3708 |  5085
   3709 |  5082
   3710 |  4916
   3711 |  5066
   3712 |  4933
   3713 |  4909
   3714 |  5084
   3715 |  5004
   3716 |  5001
   3717 |  5021
   3718 |  5071
   3719 |  5051
   3720 |  5101
   3721 |  5036
   3722 |  5028
   3723 |  5148
   3724 |  5198
   3725 |  4928
   3726 |  4945
   3727 |  5008
   3728 |  5017
   3729 |  5116
   3730 |  4997
   3731 |  4954
   3732 |  5065
   3733 |  5140
   3734 |  4974
   3735 |  4956
   3736 |  5030
   3737 |  4953
   3738 |  5112
   3739 |  5028
   3740 |  4991
   3741 |  5037
   3742 |  4955
   3743 |  5066
   3744 |  4923
   3745 |  5030
   3746 |  5102
   3747 |  5023
   3748 |  4950
   3749 |  5048
   3750 |  4969
   3751 |  4934
   3752 |  5113
   3753 |  5139
   3754 |  5027
   3755 |  5074
   3756 |  4946
   3757 |  5031
   3758 |  5098
   3759 |  4917
   3760 |  5102
   3761 |  4990
   3762 |  5025
   3763 |  4933
   3764 |  4947
   3765 |  5006
   3766 |  5023
   3767 |  4921
   3768 |  5008
   3769 |  4961
   3770 |  4895
   3771 |  5034
   3772 |  4939
   3773 |  4954
   3774 |  5020
   3775 |  5058
   3776 |  5078
   3777 |  5003
   3778 |  4982
   3779 |  5063
   3780 |  4938
   3781 |  5038
   3782 |  4890
   3783 |  4935
   3784 |  5075
   3785 |  5066
   3786 |  5010
   3787 |  4962
   3788 |  5152
   3789 |  4930
   3790 |  5039
   3791 |  4852
   3792 |  4949
   3793 |  4952
   3794 |  4841
   3795 |  4885
   3796 |  4878
   3797 |  5073
   3798 |  5004
   3799 |  5145
   3800 |  4940
   3801 |  4927
   3802 |  4989
   3803 |  4926
   3804 |  5003
   3805 |  5004
   3806 |  5076
   3807 |  5019
   3808 |  5020
   3809 |  5113
   3810 |  4964
   3811 |  5082
   3812 |  4939
   3813 |  5004
   3814 |  5094
   3815 |  5068
   3816 |  5036
   3817 |  4991
   3818 |  5024
   3819 |  4875
   3820 |  4907
   3821 |  4897
   3822 |  4978
   3823 |  4961
   3824 |  5053
   3825 |  5031
   3826 |  4912
   3827 |  4939
   3828 |  5038
   3829 |  4935
   3830 |  4982
   3831 |  4981
   3832 |  5021
   3833 |  4950
   3834 |  5017
   3835 |  4975
   3836 |  4935
   3837 |  5062
   3838 |  5067
   3839 |  4946
   3840 |  5037
   3841 |  4967
   3842 |  5011
   3843 |  5116
   3844 |  4960
   3845 |  5077
   3846 |  4982
   3847 |  4893
   3848 |  4940
   3849 |  4863
   3850 |  5026
   3851 |  5078
   3852 |  5021
   3853 |  4918
   3854 |  4990
   3855 |  5064
   3856 |  4948
   3857 |  4962
   3858 |  5098
   3859 |  5008
   3860 |  4998
   3861 |  5169
   3862 |  5096
   3863 |  5091
   3864 |  5004
   3865 |  4971
   3866 |  5187
   3867 |  4953
   3868 |  5075
   3869 |  5044
   3870 |  5049
   3871 |  4959
   3872 |  5093
   3873 |  5014
   3874 |  5072
   3875 |  4877
   3876 |  5000
   3877 |  5001
   3878 |  5036
   3879 |  4957
   3880 |  4991
   3881 |  4996
   3882 |  4927
   3883 |  5108
   3884 |  5031
   3885 |  4989
   3886 |  5071
   3887 |  5021
   3888 |  5044
   3889 |  5003
   3890 |  4967
   3891 |  4922
   3892 |  4998
   3893 |  4946
   3894 |  4929
   3895 |  5001
   3896 |  5105
   3897 |  4868
   3898 |  4986
   3899 |  5118
   3900 |  5027
   3901 |  5023
   3902 |  4963
   3903 |  4964
   3904 |  5048
   3905 |  4962
   3906 |  5004
   3907 |  4955
   3908 |  5014
   3909 |  4996
   3910 |  4802
   3911 |  5063
   3912 |  5076
   3913 |  4848
   3914 |  5049
   3915 |  4969
   3916 |  4911
   3917 |  5086
   3918 |  4950
   3919 |  4938
   3920 |  5045
   3921 |  5056
   3922 |  5014
   3923 |  4872
   3924 |  5024
   3925 |  4889
   3926 |  5067
   3927 |  5112
   3928 |  4994
   3929 |  5078
   3930 |  4925
   3931 |  5159
   3932 |  5002
   3933 |  5112
   3934 |  4928
   3935 |  4988
   3936 |  4944
   3937 |  5030
   3938 |  5038
   3939 |  5046
   3940 |  4991
   3941 |  4825
   3942 |  4985
   3943 |  4897
   3944 |  4977
   3945 |  4916
   3946 |  5085
   3947 |  5026
   3948 |  5056
   3949 |  4910
   3950 |  5143
   3951 |  4912
   3952 |  4897
   3953 |  4861
   3954 |  5114
   3955 |  5042
   3956 |  5047
   3957 |  5036
   3958 |  4938
   3959 |  4965
   3960 |  5013
   3961 |  5023
   3962 |  4983
   3963 |  5022
   3964 |  5070
   3965 |  5077
   3966 |  5056
   3967 |  5018
   3968 |  5029
   3969 |  4959
   3970 |  5029
   3971 |  4894
   3972 |  5117
   3973 |  5003
   3974 |  4954
   3975 |  5065
   3976 |  4964
   3977 |  5140
   3978 |  4969
   3979 |  4904
   3980 |  4945
   3981 |  5114
   3982 |  5024
   3983 |  5146
   3984 |  4935
   3985 |  5038
   3986 |  5074
   3987 |  4961
   3988 |  5081
   3989 |  4975
   3990 |  4969
   3991 |  5048
   3992 |  5002
   3993 |  4979
   3994 |  5019
   3995 |  4928
   3996 |  4870
   3997 |  5146
   3998 |  4930
   3999 |  5023
   4000 |  4981
   4001 |  5130
   4002 |  4976
   4003 |  5002
   4004 |  5053
   4005 |  5157
   4006 |  5016
   4007 |  5077
   4008 |  5015
   4009 |  4976
   4010 |  5126
   4011 |  5005
   4012 |  4869
   4013 |  5032
   4014 |  4955
   4015 |  4981
   4016 |  5137
   4017 |  5071
   4018 |  5028
   4019 |  4943
   4020 |  5010
   4021 |  4974
   4022 |  4998
   4023 |  4953
   4024 |  4927
   4025 |  5077
   4026 |  4906
   4027 |  4940
   4028 |  4896
   4029 |  5002
   4030 |  5013
   4031 |  5025
   4032 |  4933
   4033 |  5113
   4034 |  4982
   4035 |  5007
   4036 |  4949
   4037 |  5123
   4038 |  5027
   4039 |  5078
   4040 |  4965
   4041 |  4935
   4042 |  4964
   4043 |  4939
   4044 |  5034
   4045 |  4970
   4046 |  5052
   4047 |  4968
   4048 |  5157
   4049 |  4970
   4050 |  4968
   4051 |  5015
   4052 |  5084
   4053 |  4987
   4054 |  5036
   4055 |  4995
   4056 |  4921
   4057 |  4991
   4058 |  5028
   4059 |  5088
   4060 |  4986
   4061 |  4939
   4062 |  5078
   4063 |  5069
   4064 |  4970
   4065 |  5030
   4066 |  4917
   4067 |  4881
   4068 |  5050
   4069 |  5082
   4070 |  4952
   4071 |  5020
   4072 |  5182
   4073 |  4967
   4074 |  5028
   4075 |  5087
   4076 |  4991
   4077 |  4889
   4078 |  5043
   4079 |  4992
   4080 |  5081
   4081 |  5035
   4082 |  4933
   4083 |  4928
   4084 |  4988
   4085 |  4979
   4086 |  4995
   4087 |  4927
   4088 |  4990
   4089 |  4999
   4090 |  5098
   4091 |  5092
   4092 |  5115
   4093 |  5073
   4094 |  4981
   4095 |  5035
   4096 |  4980
   4097 |  4924
   4098 |  5017
   4099 |  5126
   4100 |  4994
   4101 |  4883
   4102 |  5029
   4103 |  4989
   4104 |  4919
   4105 |  4890
   4106 |  5149
   4107 |  4884
   4108 |  5106
   4109 |  4906
   4110 |  4986
   4111 |  4998
   4112 |  4902
   4113 |  5030
   4114 |  4939
   4115 |  5083
   4116 |  5017
   4117 |  5211
   4118 |  5098
   4119 |  4976
   4120 |  4997
   4121 |  5021
   4122 |  4949
   4123 |  5005
   4124 |  5040
   4125 |  5103
   4126 |  5033
   4127 |  5123
   4128 |  5059
   4129 |  5125
   4130 |  5015
   4131 |  4992
   4132 |  5070
   4133 |  5057
   4134 |  5079
   4135 |  5091
   4136 |  4991
   4137 |  4998
   4138 |  5075
   4139 |  4904
   4140 |  4990
   4141 |  4986
   4142 |  4967
   4143 |  5172
   4144 |  5022
   4145 |  5010
   4146 |  5023
   4147 |  4927
   4148 |  5085
   4149 |  5059
   4150 |  4991
   4151 |  5068
   4152 |  5060
   4153 |  4941
   4154 |  5042
   4155 |  4947
   4156 |  4946
   4157 |  5069
   4158 |  5044
   4159 |  5119
   4160 |  4990
   4161 |  4872
   4162 |  5114
   4163 |  5038
   4164 |  5224
   4165 |  4998
   4166 |  5028
   4167 |  5055
   4168 |  5006
   4169 |  5041
   4170 |  4982
   4171 |  4958
   4172 |  4965
   4173 |  4950
   4174 |  5131
   4175 |  5026
   4176 |  4939
   4177 |  4978
   4178 |  5018
   4179 |  5024
   4180 |  4910
   4181 |  5055
   4182 |  4996
   4183 |  5009
   4184 |  5037
   4185 |  5079
   4186 |  4992
   4187 |  5022
   4188 |  4947
   4189 |  5058
   4190 |  5063
   4191 |  4948
   4192 |  4936
   4193 |  4920
   4194 |  5015
   4195 |  5094
   4196 |  4851
   4197 |  4934
   4198 |  4983
   4199 |  4881
   4200 |  5079
   4201 |  4969
   4202 |  5065
   4203 |  5001
   4204 |  5119
   4205 |  4935
   4206 |  5009
   4207 |  5029
   4208 |  5122
   4209 |  5033
   4210 |  5084
   4211 |  4942
   4212 |  5075
   4213 |  5039
   4214 |  5052
   4215 |  5042
   4216 |  4962
   4217 |  4910
   4218 |  4968
   4219 |  5115
   4220 |  5054
   4221 |  5101
   4222 |  5040
   4223 |  4963
   4224 |  5123
   4225 |  5000
   4226 |  4836
   4227 |  5024
   4228 |  4911
   4229 |  4979
   4230 |  4980
   4231 |  5039
   4232 |  5031
   4233 |  5022
   4234 |  5021
   4235 |  5027
   4236 |  5051
   4237 |  4867
   4238 |  4960
   4239 |  5056
   4240 |  5034
   4241 |  4995
   4242 |  4978
   4243 |  5042
   4244 |  5113
   4245 |  4949
   4246 |  5020
   4247 |  4912
   4248 |  4984
   4249 |  4998
   4250 |  5079
   4251 |  4963
   4252 |  5252
   4253 |  4956
   4254 |  4926
   4255 |  5039
   4256 |  4939
   4257 |  5028
   4258 |  5010
   4259 |  4917
   4260 |  5016
   4261 |  5066
   4262 |  4890
   4263 |  5018
   4264 |  4986
   4265 |  4935
   4266 |  5052
   4267 |  5040
   4268 |  5087
   4269 |  4996
   4270 |  5041
   4271 |  4948
   4272 |  4931
   4273 |  4907
   4274 |  5144
   4275 |  5063
   4276 |  4969
   4277 |  5034
   4278 |  5075
   4279 |  4942
   4280 |  5007
   4281 |  5120
   4282 |  5117
   4283 |  4961
   4284 |  5032
   4285 |  4918
   4286 |  5072
   4287 |  4969
   4288 |  5040
   4289 |  4932
   4290 |  4935
   4291 |  4890
   4292 |  5185
   4293 |  4961
   4294 |  5136
   4295 |  4847
   4296 |  4999
   4297 |  5050
   4298 |  5104
   4299 |  4982
   4300 |  5019
   4301 |  5042
   4302 |  5008
   4303 |  4853
   4304 |  4981
   4305 |  4963
   4306 |  5080
   4307 |  5068
   4308 |  5022
   4309 |  4974
   4310 |  4956
   4311 |  5067
   4312 |  4895
   4313 |  5097
   4314 |  5010
   4315 |  4903
   4316 |  4972
   4317 |  5037
   4318 |  5022
   4319 |  4939
   4320 |  4894
   4321 |  5148
   4322 |  4920
   4323 |  4957
   4324 |  4991
   4325 |  5040
   4326 |  4987
   4327 |  5051
   4328 |  5027
   4329 |  4945
   4330 |  4955
   4331 |  5030
   4332 |  4970
   4333 |  5003
   4334 |  4919
   4335 |  4912
   4336 |  5094
   4337 |  5129
   4338 |  5042
   4339 |  5180
   4340 |  4996
   4341 |  4888
   4342 |  4968
   4343 |  5061
   4344 |  4959
   4345 |  5047
   4346 |  5070
   4347 |  5099
   4348 |  4834
   4349 |  5047
   4350 |  4969
   4351 |  4960
   4352 |  5055
   4353 |  4987
   4354 |  4943
   4355 |  4916
   4356 |  4831
   4357 |  5074
   4358 |  5012
   4359 |  4962
   4360 |  5046
   4361 |  4829
   4362 |  5243
   4363 |  5143
   4364 |  4964
   4365 |  4950
   4366 |  5058
   4367 |  5024
   4368 |  5051
   4369 |  4999
   4370 |  5028
   4371 |  4968
   4372 |  5007
   4373 |  4993
   4374 |  5013
   4375 |  5053
   4376 |  4931
   4377 |  5051
   4378 |  5032
   4379 |  5019
   4380 |  5045
   4381 |  5018
   4382 |  4998
   4383 |  5086
   4384 |  5033
   4385 |  5029
   4386 |  5080
   4387 |  4954
   4388 |  5059
   4389 |  4892
   4390 |  4990
   4391 |  5062
   4392 |  5004
   4393 |  5049
   4394 |  5039
   4395 |  5023
   4396 |  5039
   4397 |  4967
   4398 |  5057
   4399 |  4874
   4400 |  5033
   4401 |  5070
   4402 |  5150
   4403 |  4938
   4404 |  5014
   4405 |  5015
   4406 |  4938
   4407 |  4852
   4408 |  5083
   4409 |  4957
   4410 |  5089
   4411 |  5027
   4412 |  4991
   4413 |  4968
   4414 |  5022
   4415 |  4991
   4416 |  4927
   4417 |  5093
   4418 |  5021
   4419 |  4954
   4420 |  5075
   4421 |  4834
   4422 |  4958
   4423 |  4929
   4424 |  5130
   4425 |  5068
   4426 |  4998
   4427 |  5011
   4428 |  5163
   4429 |  5001
   4430 |  5057
   4431 |  5013
   4432 |  5088
   4433 |  5033
   4434 |  4935
   4435 |  4975
   4436 |  5049
   4437 |  4951
   4438 |  5140
   4439 |  4970
   4440 |  4992
   4441 |  5028
   4442 |  4935
   4443 |  5124
   4444 |  4862
   4445 |  4959
   4446 |  5145
   4447 |  4927
   4448 |  5065
   4449 |  5119
   4450 |  5036
   4451 |  4901
   4452 |  5042
   4453 |  5057
   4454 |  5044
   4455 |  5003
   4456 |  4942
   4457 |  4913
   4458 |  4973
   4459 |  5088
   4460 |  5170
   4461 |  5007
   4462 |  5099
   4463 |  5021
   4464 |  4883
   4465 |  4946
   4466 |  4949
   4467 |  4960
   4468 |  4979
   4469 |  5013
   4470 |  5062
   4471 |  5146
   4472 |  5021
   4473 |  4942
   4474 |  5010
   4475 |  4968
   4476 |  4980
   4477 |  4925
   4478 |  4874
   4479 |  5031
   4480 |  4866
   4481 |  4935
   4482 |  4992
   4483 |  5142
   4484 |  4980
   4485 |  5086
   4486 |  4970
   4487 |  4977
   4488 |  4930
   4489 |  5116
   4490 |  5079
   4491 |  5087
   4492 |  5128
   4493 |  5025
   4494 |  4990
   4495 |  4998
   4496 |  4952
   4497 |  5062
   4498 |  4875
   4499 |  4864
   4500 |  5188
   4501 |  5061
   4502 |  5064
   4503 |  4997
   4504 |  5025
   4505 |  4993
   4506 |  4950
   4507 |  5129
   4508 |  4939
   4509 |  4926
   4510 |  5028
   4511 |  4845
   4512 |  4879
   4513 |  5025
   4514 |  5050
   4515 |  4947
   4516 |  5027
   4517 |  5124
   4518 |  5015
   4519 |  5085
   4520 |  4991
   4521 |  5036
   4522 |  5040
   4523 |  5009
   4524 |  5010
   4525 |  4948
   4526 |  4938
   4527 |  5106
   4528 |  5024
   4529 |  5011
   4530 |  5066
   4531 |  4953
   4532 |  4954
   4533 |  5124
   4534 |  4962
   4535 |  5106
   4536 |  5070
   4537 |  4996
   4538 |  5102
   4539 |  4962
   4540 |  4949
   4541 |  5183
   4542 |  5020
   4543 |  4869
   4544 |  4947
   4545 |  5019
   4546 |  5036
   4547 |  5074
   4548 |  4888
   4549 |  4964
   4550 |  4966
   4551 |  5024
   4552 |  5040
   4553 |  4958
   4554 |  4935
   4555 |  5011
   4556 |  5106
   4557 |  5024
   4558 |  5014
   4559 |  5092
   4560 |  5105
   4561 |  5001
   4562 |  4916
   4563 |  4904
   4564 |  5013
   4565 |  5104
   4566 |  4990
   4567 |  4901
   4568 |  5089
   4569 |  5078
   4570 |  4972
   4571 |  5061
   4572 |  4956
   4573 |  4833
   4574 |  4983
   4575 |  5076
   4576 |  5079
   4577 |  5081
   4578 |  4980
   4579 |  4984
   4580 |  5137
   4581 |  4994
   4582 |  5041
   4583 |  5018
   4584 |  4879
   4585 |  4999
   4586 |  4958
   4587 |  4906
   4588 |  5198
   4589 |  4962
   4590 |  4848
   4591 |  5014
   4592 |  5061
   4593 |  4927
   4594 |  5187
   4595 |  5026
   4596 |  5044
   4597 |  5013
   4598 |  5059
   4599 |  5122
   4600 |  5034
   4601 |  4918
   4602 |  4901
   4603 |  5026
   4604 |  5021
   4605 |  4952
   4606 |  5059
   4607 |  4986
   4608 |  4915
   4609 |  5045
   4610 |  5061
   4611 |  4933
   4612 |  4981
   4613 |  4952
   4614 |  5013
   4615 |  5058
   4616 |  4954
   4617 |  4959
   4618 |  5000
   4619 |  5085
   4620 |  4985
   4621 |  5060
   4622 |  5083
   4623 |  4989
   4624 |  4922
   4625 |  5012
   4626 |  4994
   4627 |  4963
   4628 |  5196
   4629 |  5064
   4630 |  5061
   4631 |  4975
   4632 |  4823
   4633 |  4995
   4634 |  4834
   4635 |  5116
   4636 |  5007
   4637 |  5071
   4638 |  4981
   4639 |  5026
   4640 |  4876
   4641 |  5026
   4642 |  5051
   4643 |  4991
   4644 |  5021
   4645 |  5061
   4646 |  5025
   4647 |  5076
   4648 |  5079
   4649 |  4985
   4650 |  4983
   4651 |  5054
   4652 |  5112
   4653 |  4983
   4654 |  5026
   4655 |  4968
   4656 |  5011
   4657 |  5163
   4658 |  4995
   4659 |  4973
   4660 |  5033
   4661 |  5091
   4662 |  4983
   4663 |  5011
   4664 |  5058
   4665 |  5071
   4666 |  5051
   4667 |  4978
   4668 |  5041
   4669 |  5030
   4670 |  5071
   4671 |  4985
   4672 |  5081
   4673 |  4996
   4674 |  5050
   4675 |  5186
   4676 |  5138
   4677 |  4959
   4678 |  4984
   4679 |  5065
   4680 |  4853
   4681 |  4905
   4682 |  4955
   4683 |  4937
   4684 |  5068
   4685 |  5124
   4686 |  5072
   4687 |  4965
   4688 |  5004
   4689 |  4977
   4690 |  4940
   4691 |  5091
   4692 |  4968
   4693 |  5067
   4694 |  5005
   4695 |  4966
   4696 |  4965
   4697 |  5000
   4698 |  4957
   4699 |  4948
   4700 |  4887
   4701 |  5057
   4702 |  4957
   4703 |  4947
   4704 |  5143
   4705 |  4944
   4706 |  4994
   4707 |  4984
   4708 |  5053
   4709 |  4871
   4710 |  5094
   4711 |  5017
   4712 |  4961
   4713 |  4990
   4714 |  5002
   4715 |  4982
   4716 |  5251
   4717 |  4989
   4718 |  5030
   4719 |  4998
   4720 |  5128
   4721 |  5008
   4722 |  4999
   4723 |  4975
   4724 |  5091
   4725 |  5045
   4726 |  5080
   4727 |  5095
   4728 |  4977
   4729 |  5035
   4730 |  4959
   4731 |  5073
   4732 |  5032
   4733 |  4994
   4734 |  5056
   4735 |  5047
   4736 |  4993
   4737 |  4939
   4738 |  4923
   4739 |  5090
   4740 |  5031
   4741 |  4958
   4742 |  4943
   4743 |  5074
   4744 |  5007
   4745 |  5073
   4746 |  4872
   4747 |  4926
   4748 |  5030
   4749 |  5022
   4750 |  5084
   4751 |  5081
   4752 |  4981
   4753 |  5006
   4754 |  4992
   4755 |  5058
   4756 |  5044
   4757 |  5004
   4758 |  5077
   4759 |  4988
   4760 |  5055
   4761 |  4971
   4762 |  5067
   4763 |  5077
   4764 |  4960
   4765 |  5121
   4766 |  5081
   4767 |  4900
   4768 |  4913
   4769 |  5100
   4770 |  4971
   4771 |  5046
   4772 |  5028
   4773 |  4961
   4774 |  5009
   4775 |  5049
   4776 |  5078
   4777 |  5013
   4778 |  4984
   4779 |  4985
   4780 |  4987
   4781 |  4878
   4782 |  5023
   4783 |  4978
   4784 |  5042
   4785 |  4998
   4786 |  4974
   4787 |  5067
   4788 |  5045
   4789 |  5030
   4790 |  5047
   4791 |  4975
   4792 |  5011
   4793 |  4938
   4794 |  5043
   4795 |  5000
   4796 |  4989
   4797 |  4927
   4798 |  5058
   4799 |  5042
   4800 |  5091
   4801 |  4970
   4802 |  4981
   4803 |  4917
   4804 |  5049
   4805 |  5085
   4806 |  4989
   4807 |  4978
   4808 |  4942
   4809 |  4897
   4810 |  5019
   4811 |  4960
   4812 |  5031
   4813 |  4997
   4814 |  5026
   4815 |  4996
   4816 |  5070
   4817 |  5074
   4818 |  4981
   4819 |  4798
   4820 |  4998
   4821 |  4999
   4822 |  4890
   4823 |  5029
   4824 |  5031
   4825 |  4980
   4826 |  5017
   4827 |  5071
   4828 |  5029
   4829 |  4976
   4830 |  5085
   4831 |  4964
   4832 |  4969
   4833 |  5177
   4834 |  5022
   4835 |  4957
   4836 |  4978
   4837 |  5145
   4838 |  4954
   4839 |  5115
   4840 |  4992
   4841 |  4950
   4842 |  4966
   4843 |  5046
   4844 |  5073
   4845 |  5121
   4846 |  5059
   4847 |  4866
   4848 |  4922
   4849 |  4971
   4850 |  4996
   4851 |  4987
   4852 |  4915
   4853 |  4955
   4854 |  4994
   4855 |  5090
   4856 |  4945
   4857 |  5028
   4858 |  5002
   4859 |  4912
   4860 |  4919
   4861 |  5010
   4862 |  4966
   4863 |  4958
   4864 |  4937
   4865 |  5132
   4866 |  4915
   4867 |  5035
   4868 |  5043
   4869 |  4980
   4870 |  5102
   4871 |  5076
   4872 |  4891
   4873 |  5025
   4874 |  5061
   4875 |  5074
   4876 |  5048
   4877 |  5148
   4878 |  5085
   4879 |  5047
   4880 |  5101
   4881 |  5004
   4882 |  5031
   4883 |  4981
   4884 |  4902
   4885 |  5022
   4886 |  4958
   4887 |  4988
   4888 |  4917
   4889 |  5051
   4890 |  4903
   4891 |  5158
   4892 |  4979
   4893 |  4918
   4894 |  4925
   4895 |  4971
   4896 |  5010
   4897 |  5081
   4898 |  5060
   4899 |  5031
   4900 |  5064
   4901 |  4974
   4902 |  5053
   4903 |  4963
   4904 |  4921
   4905 |  5054
   4906 |  4857
   4907 |  5065
   4908 |  5043
   4909 |  5084
   4910 |  5080
   4911 |  4982
   4912 |  5045
   4913 |  4951
   4914 |  5009
   4915 |  5000
   4916 |  5005
   4917 |  5036
   4918 |  4911
   4919 |  4895
   4920 |  4936
   4921 |  5161
   4922 |  4962
   4923 |  4989
   4924 |  5121
   4925 |  5114
   4926 |  5014
   4927 |  4999
   4928 |  5040
   4929 |  5100
   4930 |  4982
   4931 |  4968
   4932 |  5144
   4933 |  5066
   4934 |  4989
   4935 |  4974
   4936 |  4922
   4937 |  4951
   4938 |  5035
   4939 |  5058
   4940 |  4987
   4941 |  5057
   4942 |  4958
   4943 |  5117
   4944 |  4990
   4945 |  5074
   4946 |  4905
   4947 |  4963
   4948 |  5009
   4949 |  5224
   4950 |  4996
   4951 |  4963
   4952 |  5018
   4953 |  5100
   4954 |  4874
   4955 |  5191
   4956 |  4987
   4957 |  4950
   4958 |  4995
   4959 |  4959
   4960 |  5016
   4961 |  4981
   4962 |  5025
   4963 |  4960
   4964 |  4894
   4965 |  5038
   4966 |  4997
   4967 |  5039
   4968 |  4994
   4969 |  4919
   4970 |  4965
   4971 |  5080
   4972 |  4929
   4973 |  5174
   4974 |  5046
   4975 |  5051
   4976 |  4909
   4977 |  4873
   4978 |  5028
   4979 |  4978
   4980 |  4961
   4981 |  5111
   4982 |  4989
   4983 |  4937
   4984 |  4921
   4985 |  5046
   4986 |  5016
   4987 |  4987
   4988 |  5046
   4989 |  4981
   4990 |  5052
   4991 |  5136
   4992 |  5059
   4993 |  4945
   4994 |  5135
   4995 |  4920
   4996 |  4961
   4997 |  4989
   4998 |  4926
   4999 |  5080
   5000 |  4947
(4991 filas)

